0.00000000e+00 0.00000000e+00 0.00000000e+00 0.00000000e+00
1.00000000e+00 0.00000000e+00 0.00000000e+00 0.00000000e+00
2.00000000e+00 0.00000000e+00 0.00000000e+00 0.00000000e+00
3.00000000e+00 0.00000000e+00 0.00000000e+00 0.00000000e+00
4.00000000e+00 0.00000000e+00 0.00000000e+00 0.00000000e+00
5.00000000e+00 0.00000000e+00 0.00000000e+00 0.00000000e+00
6.00000000e+00 0.00000000e+00 0.00000000e+00 0.00000000e+00
7.00000000e+00 0.00000000e+00 0.00000000e+00 0.00000000e+00
8.00000000e+00 0.00000000e+00 0.00000000e+00 0.00000000e+00
9.00000000e+00 0.00000000e+00 0.00000000e+00 0.00000000e+00
1.00000000e+01 0.00000000e+00 0.00000000e+00 0.00000000e+00
1.10000000e+01 0.00000000e+00 0.00000000e+00 0.00000000e+00
1.20000000e+01 0.00000000e+00 0.00000000e+00 0.00000000e+00
1.30000000e+01 0.00000000e+00 0.00000000e+00 0.00000000e+00
1.40000000e+01 0.00000000e+00 0.00000000e+00 0.00000000e+00
1.50000000e+01 0.00000000e+00 0.00000000e+00 0.00000000e+00
1.60000000e+01 0.00000000e+00 0.00000000e+00 0.00000000e+00
1.70000000e+01 0.00000000e+00 0.00000000e+00 0.00000000e+00
1.80000000e+01 0.00000000e+00 0.00000000e+00 0.00000000e+00
1.90000000e+01 0.00000000e+00 0.00000000e+00 0.00000000e+00
2.00000000e+01 0.00000000e+00 0.00000000e+00 0.00000000e+00
2.10000000e+01 -2.58041788e-10 -2.82024502e-10 -2.14596735e-12
2.20000000e+01 -5.16083575e-10 -5.64049004e-10 -4.29193470e-12
2.30000000e+01 -7.74125363e-10 -8.46073505e-10 -6.43790205e-12
2.40000000e+01 -1.03216715e-09 -1.12809801e-09 -8.58386940e-12
2.50000000e+01 -1.29020894e-09 -1.41012251e-09 -1.07298368e-11
2.60000000e+01 -1.54825073e-09 -1.69214701e-09 -1.28758041e-11
2.70000000e+01 -1.80629251e-09 -1.97417151e-09 -1.50217715e-11
2.80000000e+01 -2.06433430e-09 -2.25619601e-09 -1.71677388e-11
2.90000000e+01 -2.32237609e-09 -2.53822052e-09 -1.93137062e-11
3.00000000e+01 -2.58041788e-09 -2.82024502e-09 -2.14596735e-11
3.10000000e+01 -2.83845966e-09 -3.10226952e-09 -2.36056409e-11
3.20000000e+01 -3.09650145e-09 -3.38429402e-09 -2.57516082e-11
3.30000000e+01 -3.35454324e-09 -3.66631852e-09 -2.78975756e-11
3.40000000e+01 -3.61258503e-09 -3.94834303e-09 -3.00435429e-11
3.50000000e+01 -3.87062681e-09 -4.23036753e-09 -3.21895103e-11
3.60000000e+01 -4.12866860e-09 -4.51239203e-09 -3.43354776e-11
3.70000000e+01 -4.38671039e-09 -4.79441653e-09 -3.64814450e-11
3.80000000e+01 -4.64475218e-09 -5.07644103e-09 -3.86274123e-11
3.90000000e+01 -4.90279396e-09 -5.35846553e-09 -4.07733797e-11
4.00000000e+01 -5.16083575e-09 -5.64049004e-09 -4.29193470e-11
4.10000000e+01 -5.10975628e-09 -5.58466300e-09 -4.24943740e-11
4.20000000e+01 -5.05867681e-09 -5.52883596e-09 -4.20694010e-11
4.30000000e+01 -5.00759735e-09 -5.47300892e-09 -4.16444279e-11
4.40000000e+01 -4.95651788e-09 -5.41718188e-09 -4.12194549e-11
4.50000000e+01 -4.90543841e-09 -5.36135485e-09 -4.07944819e-11
4.60000000e+01 -4.85435894e-09 -5.30552781e-09 -4.03695088e-11
4.70000000e+01 -4.80327947e-09 -5.24970077e-09 -3.99445358e-11
4.80000000e+01 -4.75220000e-09 -5.19387373e-09 -3.95195628e-11
4.90000000e+01 -4.70112053e-09 -5.13804669e-09 -3.90945898e-11
5.00000000e+01 -4.65004106e-09 -5.08221966e-09 -3.86696167e-11
5.10000000e+01 -4.59896159e-09 -5.02639262e-09 -3.82446437e-11
5.20000000e+01 -4.54788212e-09 -4.97056558e-09 -3.78196707e-11
5.30000000e+01 -4.49680266e-09 -4.91473854e-09 -3.73946976e-11
5.40000000e+01 -4.44572319e-09 -4.85891150e-09 -3.69697246e-11
5.50000000e+01 -4.39464372e-09 -4.80308447e-09 -3.65447516e-11
5.60000000e+01 -4.34356425e-09 -4.74725743e-09 -3.61197785e-11
5.70000000e+01 -4.29248478e-09 -4.69143039e-09 -3.56948055e-11
5.80000000e+01 -4.24140531e-09 -4.63560335e-09 -3.52698325e-11
5.90000000e+01 -4.19032584e-09 -4.57977632e-09 -3.48448595e-11
6.00000000e+01 -4.13924637e-09 -4.52394928e-09 -3.44198864e-11
6.10000000e+01 -4.09827811e-09 -4.47917325e-09 -3.40790749e-11
6.20000000e+01 -4.05730985e-09 -4.43439723e-09 -3.37382634e-11
6.30000000e+01 -4.01634159e-09 -4.38962121e-09 -3.33974518e-11
6.40000000e+01 -3.97537333e-09 -4.34484518e-09 -3.30566403e-11
6.50000000e+01 -3.93440506e-09 -4.30006916e-09 -3.27158288e-11
6.60000000e+01 -3.89343680e-09 -4.25529314e-09 -3.23750173e-11
6.70000000e+01 -3.85246854e-09 -4.21051712e-09 -3.20342057e-11
6.80000000e+01 -3.81150028e-09 -4.16574109e-09 -3.16933942e-11
6.90000000e+01 -3.77053202e-09 -4.12096507e-09 -3.13525827e-11
7.00000000e+01 -3.72956376e-09 -4.07618905e-09 -3.10117712e-11
7.10000000e+01 -3.68859550e-09 -4.03141302e-09 -3.06709596e-11
7.20000000e+01 -3.64762723e-09 -3.98663700e-09 -3.03301481e-11
7.30000000e+01 -3.60665897e-09 -3.94186098e-09 -2.99893366e-11
7.40000000e+01 -3.56569071e-09 -3.89708495e-09 -2.96485250e-11
7.50000000e+01 -3.52472245e-09 -3.85230893e-09 -2.93077135e-11
7.60000000e+01 -3.48375419e-09 -3.80753291e-09 -2.89669020e-11
7.70000000e+01 -3.44278593e-09 -3.76275688e-09 -2.86260905e-11
7.80000000e+01 -3.40181766e-09 -3.71798086e-09 -2.82852789e-11
7.90000000e+01 -3.36084940e-09 -3.67320484e-09 -2.79444674e-11
8.00000000e+01 -3.31988114e-09 -3.62842881e-09 -2.76036559e-11
8.10000000e+01 -3.28702257e-09 -3.59251625e-09 -2.73303326e-11
8.20000000e+01 -3.25416400e-09 -3.55660369e-09 -2.70570094e-11
8.30000000e+01 -3.22130543e-09 -3.52069113e-09 -2.67836862e-11
8.40000000e+01 -3.18844686e-09 -3.48477857e-09 -2.65103629e-11
8.50000000e+01 -3.15558829e-09 -3.44886601e-09 -2.62370397e-11
8.60000000e+01 -3.12272972e-09 -3.41295345e-09 -2.59637164e-11
8.70000000e+01 -3.08987115e-09 -3.37704089e-09 -2.56903932e-11
8.80000000e+01 -3.05701258e-09 -3.34112833e-09 -2.54170700e-11
8.90000000e+01 -3.02415401e-09 -3.30521576e-09 -2.51437467e-11
9.00000000e+01 -2.99129543e-09 -3.26930320e-09 -2.48704235e-11
9.10000000e+01 -2.95843686e-09 -3.23339064e-09 -2.45971002e-11
9.20000000e+01 -2.92557829e-09 -3.19747808e-09 -2.43237770e-11
9.30000000e+01 -2.89271972e-09 -3.16156552e-09 -2.40504537e-11
9.40000000e+01 -2.85986115e-09 -3.12565296e-09 -2.37771305e-11
9.50000000e+01 -2.82700258e-09 -3.08974040e-09 -2.35038073e-11
9.60000000e+01 -2.79414401e-09 -3.05382784e-09 -2.32304840e-11
9.70000000e+01 -2.76128544e-09 -3.01791528e-09 -2.29571608e-11
9.80000000e+01 -2.72842687e-09 -2.98200271e-09 -2.26838375e-11
9.90000000e+01 -2.69556830e-09 -2.94609015e-09 -2.24105143e-11
1.00000000e+02 -2.66270973e-09 -2.91017759e-09 -2.21371911e-11
1.01000000e+02 -2.63635552e-09 -2.88137396e-09 -2.19179945e-11
1.02000000e+02 -2.61000132e-09 -2.85257032e-09 -2.16987978e-11
1.03000000e+02 -2.58364712e-09 -2.82376668e-09 -2.14796012e-11
1.04000000e+02 -2.55729291e-09 -2.79496305e-09 -2.12604046e-11
1.05000000e+02 -2.53093871e-09 -2.76615941e-09 -2.10412080e-11
1.06000000e+02 -2.50458450e-09 -2.73735577e-09 -2.08220114e-11
1.07000000e+02 -2.47823030e-09 -2.70855214e-09 -2.06028148e-11
1.08000000e+02 -2.45187610e-09 -2.67974850e-09 -2.03836182e-11
1.09000000e+02 -2.42552189e-09 -2.65094486e-09 -2.01644215e-11
1.10000000e+02 -2.39916769e-09 -2.62214123e-09 -1.99452249e-11
1.11000000e+02 -2.37281348e-09 -2.59333759e-09 -1.97260283e-11
1.12000000e+02 -2.34645928e-09 -2.56453395e-09 -1.95068317e-11
1.13000000e+02 -2.32010508e-09 -2.53573032e-09 -1.92876351e-11
1.14000000e+02 -2.29375087e-09 -2.50692668e-09 -1.90684385e-11
1.15000000e+02 -2.26739667e-09 -2.47812304e-09 -1.88492419e-11
1.16000000e+02 -2.24104246e-09 -2.44931941e-09 -1.86300453e-11
1.17000000e+02 -2.21468826e-09 -2.42051577e-09 -1.84108486e-11
1.18000000e+02 -2.18833406e-09 -2.39171214e-09 -1.81916520e-11
1.19000000e+02 -2.16197985e-09 -2.36290850e-09 -1.79724554e-11
1.20000000e+02 -2.13562565e-09 -2.33410486e-09 -1.77532588e-11
1.21000000e+02 -2.11448827e-09 -2.31100294e-09 -1.75774736e-11
1.22000000e+02 -2.09335088e-09 -2.28790102e-09 -1.74016884e-11
1.23000000e+02 -2.07221350e-09 -2.26479910e-09 -1.72259031e-11
1.24000000e+02 -2.05107612e-09 -2.24169717e-09 -1.70501179e-11
1.25000000e+02 -2.02993874e-09 -2.21859525e-09 -1.68743327e-11
1.26000000e+02 -2.00880135e-09 -2.19549333e-09 -1.66985475e-11
1.27000000e+02 -1.98766397e-09 -2.17239141e-09 -1.65227622e-11
1.28000000e+02 -1.96652659e-09 -2.14928948e-09 -1.63469770e-11
1.29000000e+02 -1.94538921e-09 -2.12618756e-09 -1.61711918e-11
1.30000000e+02 -1.92425182e-09 -2.10308564e-09 -1.59954066e-11
1.31000000e+02 -1.90311444e-09 -2.07998372e-09 -1.58196214e-11
1.32000000e+02 -1.88197706e-09 -2.05688180e-09 -1.56438361e-11
1.33000000e+02 -1.86083968e-09 -2.03377987e-09 -1.54680509e-11
1.34000000e+02 -1.83970229e-09 -2.01067795e-09 -1.52922657e-11
1.35000000e+02 -1.81856491e-09 -1.98757603e-09 -1.51164805e-11
1.36000000e+02 -1.79742753e-09 -1.96447411e-09 -1.49406952e-11
1.37000000e+02 -1.77629015e-09 -1.94137218e-09 -1.47649100e-11
1.38000000e+02 -1.75515276e-09 -1.91827026e-09 -1.45891248e-11
1.39000000e+02 -1.73401538e-09 -1.89516834e-09 -1.44133396e-11
1.40000000e+02 -1.71287800e-09 -1.87206642e-09 -1.42375544e-11
1.41000000e+02 -1.69592477e-09 -1.85353755e-09 -1.40965818e-11
1.42000000e+02 -1.67897155e-09 -1.83500868e-09 -1.39556092e-11
1.43000000e+02 -1.66201832e-09 -1.81647981e-09 -1.38146366e-11
1.44000000e+02 -1.64506510e-09 -1.79795094e-09 -1.36736640e-11
1.45000000e+02 -1.62811187e-09 -1.77942207e-09 -1.35326914e-11
1.46000000e+02 -1.61115865e-09 -1.76089320e-09 -1.33917188e-11
1.47000000e+02 -1.59420542e-09 -1.74236433e-09 -1.32507462e-11
1.48000000e+02 -1.57725220e-09 -1.72383546e-09 -1.31097736e-11
1.49000000e+02 -1.56029897e-09 -1.70530659e-09 -1.29688010e-11
1.50000000e+02 -1.54334575e-09 -1.68677772e-09 -1.28278284e-11
1.51000000e+02 -1.52639252e-09 -1.66824885e-09 -1.26868558e-11
1.52000000e+02 -1.50943930e-09 -1.64971998e-09 -1.25458832e-11
1.53000000e+02 -1.49248607e-09 -1.63119111e-09 -1.24049107e-11
1.54000000e+02 -1.47553285e-09 -1.61266224e-09 -1.22639381e-11
1.55000000e+02 -1.45857962e-09 -1.59413337e-09 -1.21229655e-11
1.56000000e+02 -1.44162640e-09 -1.57560450e-09 -1.19819929e-11
1.57000000e+02 -1.42467317e-09 -1.55707563e-09 -1.18410203e-11
1.58000000e+02 -1.40771995e-09 -1.53854676e-09 -1.17000477e-11
1.59000000e+02 -1.39076672e-09 -1.52001789e-09 -1.15590751e-11
1.60000000e+02 -1.37381349e-09 -1.50148902e-09 -1.14181025e-11
1.61000000e+02 -1.36021616e-09 -1.48662795e-09 -1.13050430e-11
1.62000000e+02 -1.34661882e-09 -1.47176688e-09 -1.11919835e-11
1.63000000e+02 -1.33302149e-09 -1.45690581e-09 -1.10789240e-11
1.64000000e+02 -1.31942415e-09 -1.44204474e-09 -1.09658644e-11
1.65000000e+02 -1.30582682e-09 -1.42718367e-09 -1.08528049e-11
1.66000000e+02 -1.29222948e-09 -1.41232261e-09 -1.07397454e-11
1.67000000e+02 -1.27863215e-09 -1.39746154e-09 -1.06266859e-11
1.68000000e+02 -1.26503481e-09 -1.38260047e-09 -1.05136264e-11
1.69000000e+02 -1.25143747e-09 -1.36773940e-09 -1.04005669e-11
1.70000000e+02 -1.23784014e-09 -1.35287833e-09 -1.02875074e-11
1.71000000e+02 -1.22424280e-09 -1.33801726e-09 -1.01744479e-11
1.72000000e+02 -1.21064547e-09 -1.32315619e-09 -1.00613883e-11
1.73000000e+02 -1.19704813e-09 -1.30829512e-09 -9.94832883e-12
1.74000000e+02 -1.18345080e-09 -1.29343405e-09 -9.83526932e-12
1.75000000e+02 -1.16985346e-09 -1.27857298e-09 -9.72220980e-12
1.76000000e+02 -1.15625613e-09 -1.26371192e-09 -9.60915029e-12
1.77000000e+02 -1.14265879e-09 -1.24885085e-09 -9.49609078e-12
1.78000000e+02 -1.12906146e-09 -1.23398978e-09 -9.38303126e-12
1.79000000e+02 -1.11546412e-09 -1.21912871e-09 -9.26997175e-12
1.80000000e+02 -1.10186678e-09 -1.20426764e-09 -9.15691224e-12
1.81000000e+02 -1.09096105e-09 -1.19234834e-09 -9.06624155e-12
1.82000000e+02 -1.08005531e-09 -1.18042904e-09 -8.97557087e-12
1.83000000e+02 -1.06914957e-09 -1.16850973e-09 -8.88490018e-12
1.84000000e+02 -1.05824383e-09 -1.15659043e-09 -8.79422950e-12
1.85000000e+02 -1.04733809e-09 -1.14467113e-09 -8.70355881e-12
1.86000000e+02 -1.03643235e-09 -1.13275183e-09 -8.61288813e-12
1.87000000e+02 -1.02552661e-09 -1.12083253e-09 -8.52221745e-12
1.88000000e+02 -1.01462087e-09 -1.10891322e-09 -8.43154676e-12
1.89000000e+02 -1.00371514e-09 -1.09699392e-09 -8.34087608e-12
1.90000000e+02 -9.92809397e-10 -1.08507462e-09 -8.25020539e-12
1.91000000e+02 -9.81903659e-10 -1.07315532e-09 -8.15953471e-12
1.92000000e+02 -9.70997920e-10 -1.06123602e-09 -8.06886402e-12
1.93000000e+02 -9.60092181e-10 -1.04931671e-09 -7.97819334e-12
1.94000000e+02 -9.49186443e-10 -1.03739741e-09 -7.88752265e-12
1.95000000e+02 -9.38280704e-10 -1.02547811e-09 -7.79685197e-12
1.96000000e+02 -9.27374965e-10 -1.01355881e-09 -7.70618128e-12
1.97000000e+02 -9.16469226e-10 -1.00163951e-09 -7.61551060e-12
1.98000000e+02 -9.05563488e-10 -9.89720204e-10 -7.52483992e-12
1.99000000e+02 -8.94657749e-10 -9.77800902e-10 -7.43416923e-12
2.00000000e+02 -8.83752010e-10 -9.65881600e-10 -7.34349855e-12
2.01000000e+02 -8.75005068e-10 -9.56321737e-10 -7.27078476e-12
2.02000000e+02 -8.66258125e-10 -9.46761875e-10 -7.19807097e-12
2.03000000e+02 -8.57511182e-10 -9.37202012e-10 -7.12535718e-12
2.04000000e+02 -8.48764239e-10 -9.27642149e-10 -7.05264339e-12
2.05000000e+02 -8.40017297e-10 -9.18082286e-10 -6.97992961e-12
2.06000000e+02 -8.31270354e-10 -9.08522424e-10 -6.90721582e-12
2.07000000e+02 -8.22523411e-10 -8.98962561e-10 -6.83450203e-12
2.08000000e+02 -8.13776468e-10 -8.89402698e-10 -6.76178824e-12
2.09000000e+02 -8.05029525e-10 -8.79842836e-10 -6.68907446e-12
2.10000000e+02 -7.96282583e-10 -8.70282973e-10 -6.61636067e-12
2.11000000e+02 -7.87535640e-10 -8.60723110e-10 -6.54364688e-12
2.12000000e+02 -7.78788697e-10 -8.51163248e-10 -6.47093309e-12
2.13000000e+02 -7.70041754e-10 -8.41603385e-10 -6.39821930e-12
2.14000000e+02 -7.61294811e-10 -8.32043522e-10 -6.32550552e-12
2.15000000e+02 -7.52547869e-10 -8.22483659e-10 -6.25279173e-12
2.16000000e+02 -7.43800926e-10 -8.12923797e-10 -6.18007794e-12
2.17000000e+02 -7.35053983e-10 -8.03363934e-10 -6.10736415e-12
2.18000000e+02 -7.26307040e-10 -7.93804071e-10 -6.03465036e-12
2.19000000e+02 -7.17560097e-10 -7.84244209e-10 -5.96193658e-12
2.20000000e+02 -7.08813155e-10 -7.74684346e-10 -5.88922279e-12
2.21000000e+02 -7.01797670e-10 -7.67016867e-10 -5.83091328e-12
2.22000000e+02 -6.94782186e-10 -7.59349389e-10 -5.77260376e-12
2.23000000e+02 -6.87766702e-10 -7.51681910e-10 -5.71429425e-12
2.24000000e+02 -6.80751217e-10 -7.44014431e-10 -5.65598474e-12
2.25000000e+02 -6.73735733e-10 -7.36346952e-10 -5.59767523e-12
2.26000000e+02 -6.66720249e-10 -7.28679474e-10 -5.53936571e-12
2.27000000e+02 -6.59704764e-10 -7.21011995e-10 -5.48105620e-12
2.28000000e+02 -6.52689280e-10 -7.13344516e-10 -5.42274669e-12
2.29000000e+02 -6.45673796e-10 -7.05677037e-10 -5.36443718e-12
2.30000000e+02 -6.38658311e-10 -6.98009559e-10 -5.30612767e-12
2.31000000e+02 -6.31642827e-10 -6.90342080e-10 -5.24781815e-12
2.32000000e+02 -6.24627343e-10 -6.82674601e-10 -5.18950864e-12
2.33000000e+02 -6.17611858e-10 -6.75007122e-10 -5.13119913e-12
2.34000000e+02 -6.10596374e-10 -6.67339644e-10 -5.07288962e-12
2.35000000e+02 -6.03580890e-10 -6.59672165e-10 -5.01458010e-12
2.36000000e+02 -5.96565405e-10 -6.52004686e-10 -4.95627059e-12
2.37000000e+02 -5.89549921e-10 -6.44337207e-10 -4.89796108e-12
2.38000000e+02 -5.82534437e-10 -6.36669729e-10 -4.83965157e-12
2.39000000e+02 -5.75518952e-10 -6.29002250e-10 -4.78134205e-12
2.40000000e+02 -5.68503468e-10 -6.21334771e-10 -4.72303254e-12
2.41000000e+02 -5.62876698e-10 -6.15185075e-10 -4.67626337e-12
2.42000000e+02 -5.57249928e-10 -6.09035378e-10 -4.62949419e-12
2.43000000e+02 -5.51623158e-10 -6.02885682e-10 -4.58272502e-12
2.44000000e+02 -5.45996388e-10 -5.96735985e-10 -4.53595584e-12
2.45000000e+02 -5.40369618e-10 -5.90586288e-10 -4.48918666e-12
2.46000000e+02 -5.34742848e-10 -5.84436592e-10 -4.44241749e-12
2.47000000e+02 -5.29116078e-10 -5.78286895e-10 -4.39564831e-12
2.48000000e+02 -5.23489308e-10 -5.72137199e-10 -4.34887914e-12
2.49000000e+02 -5.17862538e-10 -5.65987502e-10 -4.30210996e-12
2.50000000e+02 -5.12235768e-10 -5.59837806e-10 -4.25534079e-12
2.51000000e+02 -5.06608998e-10 -5.53688109e-10 -4.20857161e-12
2.52000000e+02 -5.00982228e-10 -5.47538412e-10 -4.16180244e-12
2.53000000e+02 -4.95355458e-10 -5.41388716e-10 -4.11503326e-12
2.54000000e+02 -4.89728688e-10 -5.35239019e-10 -4.06826409e-12
2.55000000e+02 -4.84101918e-10 -5.29089323e-10 -4.02149491e-12
2.56000000e+02 -4.78475148e-10 -5.22939626e-10 -3.97472573e-12
2.57000000e+02 -4.72848378e-10 -5.16789930e-10 -3.92795656e-12
2.58000000e+02 -4.67221608e-10 -5.10640233e-10 -3.88118738e-12
2.59000000e+02 -4.61594838e-10 -5.04490536e-10 -3.83441821e-12
2.60000000e+02 -4.55968068e-10 -4.98340840e-10 -3.78764903e-12
2.61000000e+02 -4.51455124e-10 -4.93408487e-10 -3.75014634e-12
2.62000000e+02 -4.46942180e-10 -4.88476134e-10 -3.71264364e-12
2.63000000e+02 -4.42429236e-10 -4.83543781e-10 -3.67514095e-12
2.64000000e+02 -4.37916292e-10 -4.78611428e-10 -3.63763825e-12
2.65000000e+02 -4.33403347e-10 -4.73679075e-10 -3.60013556e-12
2.66000000e+02 -4.28890403e-10 -4.68746722e-10 -3.56263286e-12
2.67000000e+02 -4.24377459e-10 -4.63814369e-10 -3.52513017e-12
2.68000000e+02 -4.19864515e-10 -4.58882016e-10 -3.48762747e-12
2.69000000e+02 -4.15351571e-10 -4.53949663e-10 -3.45012478e-12
2.70000000e+02 -4.10838627e-10 -4.49017310e-10 -3.41262209e-12
2.71000000e+02 -4.06325683e-10 -4.44084957e-10 -3.37511939e-12
2.72000000e+02 -4.01812738e-10 -4.39152604e-10 -3.33761670e-12
2.73000000e+02 -3.97299794e-10 -4.34220251e-10 -3.30011400e-12
2.74000000e+02 -3.92786850e-10 -4.29287898e-10 -3.26261131e-12
2.75000000e+02 -3.88273906e-10 -4.24355545e-10 -3.22510861e-12
2.76000000e+02 -3.83760962e-10 -4.19423192e-10 -3.18760592e-12
2.77000000e+02 -3.79248018e-10 -4.14490839e-10 -3.15010322e-12
2.78000000e+02 -3.74735074e-10 -4.09558486e-10 -3.11260053e-12
2.79000000e+02 -3.70222129e-10 -4.04626133e-10 -3.07509783e-12
2.80000000e+02 -3.65709170e-10 -3.99693801e-10 -3.03761523e-12
2.81000000e+02 2.68180064e-04 -3.74043989e-04 -3.61926549e-04
2.82000000e+02 5.36360493e-04 -7.48087578e-04 -7.23853095e-04
2.83000000e+02 8.04540922e-04 -1.12213117e-03 -1.08577964e-03
2.84000000e+02 1.07272135e-03 -1.49617476e-03 -1.44770619e-03
2.85000000e+02 1.34090178e-03 -1.87021834e-03 -1.80963273e-03
2.86000000e+02 1.60908221e-03 -2.24426193e-03 -2.17155928e-03
2.87000000e+02 1.87726264e-03 -2.61830552e-03 -2.53348582e-03
2.88000000e+02 2.14544307e-03 -2.99234911e-03 -2.89541237e-03
2.89000000e+02 2.41362350e-03 -3.36639270e-03 -3.25733892e-03
2.90000000e+02 2.68180393e-03 -3.74043629e-03 -3.61926546e-03
2.91000000e+02 2.94998436e-03 -4.11447988e-03 -3.98119201e-03
2.92000000e+02 3.21816479e-03 -4.48852347e-03 -4.34311855e-03
2.93000000e+02 3.48634522e-03 -4.86256706e-03 -4.70504510e-03
2.94000000e+02 3.75452565e-03 -5.23661065e-03 -5.06697164e-03
2.95000000e+02 4.02270607e-03 -5.61065423e-03 -5.42889819e-03
2.96000000e+02 4.29088650e-03 -5.98469782e-03 -5.79082474e-03
2.97000000e+02 4.55906693e-03 -6.35874141e-03 -6.15275128e-03
2.98000000e+02 4.82724736e-03 -6.73278500e-03 -6.51467783e-03
2.99000000e+02 5.09542779e-03 -7.10682859e-03 -6.87660437e-03
3.00000000e+02 5.36360822e-03 -7.48087218e-03 -7.23853092e-03
3.01000000e+02 6.62690922e-03 -9.27662153e-03 -9.16277608e-03
3.02000000e+02 7.89021021e-03 -1.10723709e-02 -1.10870212e-02
3.03000000e+02 9.15351120e-03 -1.28681202e-02 -1.30112664e-02
3.04000000e+02 1.04168122e-02 -1.46638696e-02 -1.49355116e-02
3.05000000e+02 1.16801132e-02 -1.64596189e-02 -1.68597567e-02
3.06000000e+02 1.29434142e-02 -1.82553683e-02 -1.87840019e-02
3.07000000e+02 1.42067152e-02 -2.00511177e-02 -2.07082471e-02
3.08000000e+02 1.54700162e-02 -2.18468670e-02 -2.26324922e-02
3.09000000e+02 1.67333172e-02 -2.36426164e-02 -2.45567374e-02
3.10000000e+02 1.79966182e-02 -2.54383657e-02 -2.64809825e-02
3.11000000e+02 1.92599192e-02 -2.72341151e-02 -2.84052277e-02
3.12000000e+02 2.05232202e-02 -2.90298644e-02 -3.03294729e-02
3.13000000e+02 2.17865211e-02 -3.08256138e-02 -3.22537180e-02
3.14000000e+02 2.30498221e-02 -3.26213631e-02 -3.41779632e-02
3.15000000e+02 2.43131231e-02 -3.44171125e-02 -3.61022084e-02
3.16000000e+02 2.55764241e-02 -3.62128618e-02 -3.80264535e-02
3.17000000e+02 2.68397251e-02 -3.80086112e-02 -3.99506987e-02
3.18000000e+02 2.81030261e-02 -3.98043605e-02 -4.18749438e-02
3.19000000e+02 2.93663271e-02 -4.16001099e-02 -4.37991890e-02
3.20000000e+02 3.06296281e-02 -4.33958592e-02 -4.57234342e-02
3.21000000e+02 3.12923102e-02 -4.43687736e-02 -4.72402353e-02
3.22000000e+02 3.19549923e-02 -4.53416880e-02 -4.87570365e-02
3.23000000e+02 3.26176744e-02 -4.63146023e-02 -5.02738377e-02
3.24000000e+02 3.32803565e-02 -4.72875167e-02 -5.17906389e-02
3.25000000e+02 3.39430386e-02 -4.82604311e-02 -5.33074400e-02
3.26000000e+02 3.46057207e-02 -4.92333454e-02 -5.48242412e-02
3.27000000e+02 3.52684028e-02 -5.02062598e-02 -5.63410424e-02
3.28000000e+02 3.59310848e-02 -5.11791742e-02 -5.78578435e-02
3.29000000e+02 3.65937669e-02 -5.21520885e-02 -5.93746447e-02
3.30000000e+02 3.72564490e-02 -5.31250029e-02 -6.08914459e-02
3.31000000e+02 3.79191311e-02 -5.40979173e-02 -6.24082471e-02
3.32000000e+02 3.85818132e-02 -5.50708316e-02 -6.39250482e-02
3.33000000e+02 3.92444953e-02 -5.60437460e-02 -6.54418494e-02
3.34000000e+02 3.99071774e-02 -5.70166604e-02 -6.69586506e-02
3.35000000e+02 4.05698595e-02 -5.79895747e-02 -6.84754518e-02
3.36000000e+02 4.12325416e-02 -5.89624891e-02 -6.99922529e-02
3.37000000e+02 4.18952237e-02 -5.99354035e-02 -7.15090541e-02
3.38000000e+02 4.25579058e-02 -6.09083178e-02 -7.30258553e-02
3.39000000e+02 4.32205879e-02 -6.18812322e-02 -7.45426564e-02
3.40000000e+02 4.38832700e-02 -6.28541466e-02 -7.60594576e-02
3.41000000e+02 4.31552715e-02 -6.20305065e-02 -7.60607249e-02
3.42000000e+02 4.24272731e-02 -6.12068665e-02 -7.60619921e-02
3.43000000e+02 4.16992747e-02 -6.03832265e-02 -7.60632593e-02
3.44000000e+02 4.09712763e-02 -5.95595865e-02 -7.60645266e-02
3.45000000e+02 4.02432779e-02 -5.87359464e-02 -7.60657938e-02
3.46000000e+02 3.95152795e-02 -5.79123064e-02 -7.60670611e-02
3.47000000e+02 3.87872811e-02 -5.70886664e-02 -7.60683283e-02
3.48000000e+02 3.80592827e-02 -5.62650263e-02 -7.60695956e-02
3.49000000e+02 3.73312843e-02 -5.54413863e-02 -7.60708628e-02
3.50000000e+02 3.66032859e-02 -5.46177463e-02 -7.60721301e-02
3.51000000e+02 3.58752874e-02 -5.37941062e-02 -7.60733973e-02
3.52000000e+02 3.51472890e-02 -5.29704662e-02 -7.60746646e-02
3.53000000e+02 3.44192906e-02 -5.21468262e-02 -7.60759318e-02
3.54000000e+02 3.36912922e-02 -5.13231862e-02 -7.60771990e-02
3.55000000e+02 3.29632938e-02 -5.04995461e-02 -7.60784663e-02
3.56000000e+02 3.22352954e-02 -4.96759061e-02 -7.60797335e-02
3.57000000e+02 3.15072970e-02 -4.88522661e-02 -7.60810008e-02
3.58000000e+02 3.07792986e-02 -4.80286260e-02 -7.60822680e-02
3.59000000e+02 3.00513002e-02 -4.72049860e-02 -7.60835353e-02
3.60000000e+02 2.93233018e-02 -4.63813460e-02 -7.60848025e-02
3.61000000e+02 2.75409806e-02 -4.43344750e-02 -7.51587142e-02
3.62000000e+02 2.57586594e-02 -4.22876040e-02 -7.42326258e-02
3.63000000e+02 2.39763382e-02 -4.02407329e-02 -7.33065374e-02
3.64000000e+02 2.21940171e-02 -3.81938619e-02 -7.23804491e-02
3.65000000e+02 2.04116959e-02 -3.61469909e-02 -7.14543607e-02
3.66000000e+02 1.86293747e-02 -3.41001199e-02 -7.05282724e-02
3.67000000e+02 1.68470535e-02 -3.20532489e-02 -6.96021840e-02
3.68000000e+02 1.50647324e-02 -3.00063779e-02 -6.86760957e-02
3.69000000e+02 1.32824112e-02 -2.79595069e-02 -6.77500073e-02
3.70000000e+02 1.15000900e-02 -2.59126359e-02 -6.68239189e-02
3.71000000e+02 9.71776884e-03 -2.38657649e-02 -6.58978306e-02
3.72000000e+02 7.93544767e-03 -2.18188938e-02 -6.49717422e-02
3.73000000e+02 6.15312650e-03 -1.97720228e-02 -6.40456539e-02
3.74000000e+02 4.37080532e-03 -1.77251518e-02 -6.31195655e-02
3.75000000e+02 2.58848415e-03 -1.56782808e-02 -6.21934771e-02
3.76000000e+02 8.06162973e-04 -1.36314098e-02 -6.12673888e-02
3.77000000e+02 -9.76158201e-04 -1.15845388e-02 -6.03413004e-02
3.78000000e+02 -2.75847938e-03 -9.53766778e-03 -5.94152121e-02
3.79000000e+02 -4.54080055e-03 -7.49079677e-03 -5.84891237e-02
3.80000000e+02 -6.32312172e-03 -5.44392576e-03 -5.75630354e-02
3.81000000e+02 -8.15534841e-03 -3.30864057e-03 -5.66488899e-02
3.82000000e+02 -9.98757509e-03 -1.17335538e-03 -5.57347445e-02
3.83000000e+02 -1.18198018e-02 9.61929817e-04 -5.48205990e-02
3.84000000e+02 -1.36520285e-02 3.09721501e-03 -5.39064536e-02
3.85000000e+02 -1.54842551e-02 5.23250020e-03 -5.29923081e-02
3.86000000e+02 -1.73164818e-02 7.36778540e-03 -5.20781627e-02
3.87000000e+02 -1.91487085e-02 9.50307059e-03 -5.11640172e-02
3.88000000e+02 -2.09809352e-02 1.16383558e-02 -5.02498718e-02
3.89000000e+02 -2.28131619e-02 1.37736410e-02 -4.93357263e-02
3.90000000e+02 -2.46453885e-02 1.59089262e-02 -4.84215809e-02
3.91000000e+02 -2.64776152e-02 1.80442114e-02 -4.75074354e-02
3.92000000e+02 -2.83098419e-02 2.01794966e-02 -4.65932900e-02
3.93000000e+02 -3.01420686e-02 2.23147817e-02 -4.56791445e-02
3.94000000e+02 -3.19742953e-02 2.44500669e-02 -4.47649991e-02
3.95000000e+02 -3.38065220e-02 2.65853521e-02 -4.38508537e-02
3.96000000e+02 -3.56387486e-02 2.87206373e-02 -4.29367082e-02
3.97000000e+02 -3.74709753e-02 3.08559225e-02 -4.20225628e-02
3.98000000e+02 -3.93032020e-02 3.29912077e-02 -4.11084173e-02
3.99000000e+02 -4.11354287e-02 3.51264929e-02 -4.01942719e-02
4.00000000e+02 -4.29676554e-02 3.72617781e-02 -3.92801264e-02
4.01000000e+02 -4.39976019e-02 3.85422406e-02 -3.85079623e-02
4.02000000e+02 -4.50275485e-02 3.98227030e-02 -3.77357982e-02
4.03000000e+02 -4.60574951e-02 4.11031655e-02 -3.69636341e-02
4.04000000e+02 -4.70874417e-02 4.23836279e-02 -3.61914700e-02
4.05000000e+02 -4.81173883e-02 4.36640904e-02 -3.54193059e-02
4.06000000e+02 -4.91473349e-02 4.49445528e-02 -3.46471417e-02
4.07000000e+02 -5.01772814e-02 4.62250153e-02 -3.38749776e-02
4.08000000e+02 -5.12072280e-02 4.75054777e-02 -3.31028135e-02
4.09000000e+02 -5.22371746e-02 4.87859402e-02 -3.23306494e-02
4.10000000e+02 -5.32671212e-02 5.00664026e-02 -3.15584853e-02
4.11000000e+02 -5.42970678e-02 5.13468651e-02 -3.07863212e-02
4.12000000e+02 -5.53270144e-02 5.26273275e-02 -3.00141571e-02
4.13000000e+02 -5.63569609e-02 5.39077900e-02 -2.92419930e-02
4.14000000e+02 -5.73869075e-02 5.51882524e-02 -2.84698288e-02
4.15000000e+02 -5.84168541e-02 5.64687149e-02 -2.76976647e-02
4.16000000e+02 -5.94468007e-02 5.77491773e-02 -2.69255006e-02
4.17000000e+02 -6.04767473e-02 5.90296398e-02 -2.61533365e-02
4.18000000e+02 -6.15066939e-02 6.03101022e-02 -2.53811724e-02
4.19000000e+02 -6.25366404e-02 6.15905647e-02 -2.46090083e-02
4.20000000e+02 -6.35665870e-02 6.28710272e-02 -2.38368442e-02
4.21000000e+02 -6.34085982e-02 6.28498580e-02 -2.30779372e-02
4.22000000e+02 -6.32506094e-02 6.28286888e-02 -2.23190302e-02
4.23000000e+02 -6.30926206e-02 6.28075196e-02 -2.15601232e-02
4.24000000e+02 -6.29346318e-02 6.27863504e-02 -2.08012163e-02
4.25000000e+02 -6.27766430e-02 6.27651812e-02 -2.00423093e-02
4.26000000e+02 -6.26186542e-02 6.27440120e-02 -1.92834023e-02
4.27000000e+02 -6.24606654e-02 6.27228428e-02 -1.85244953e-02
4.28000000e+02 -6.23026766e-02 6.27016736e-02 -1.77655884e-02
4.29000000e+02 -6.21446878e-02 6.26805044e-02 -1.70066814e-02
4.30000000e+02 -6.19866990e-02 6.26593352e-02 -1.62477744e-02
4.31000000e+02 -6.18287102e-02 6.26381660e-02 -1.54888674e-02
4.32000000e+02 -6.16707214e-02 6.26169968e-02 -1.47299605e-02
4.33000000e+02 -6.15127327e-02 6.25958276e-02 -1.39710535e-02
4.34000000e+02 -6.13547439e-02 6.25746584e-02 -1.32121465e-02
4.35000000e+02 -6.11967551e-02 6.25534893e-02 -1.24532395e-02
4.36000000e+02 -6.10387663e-02 6.25323201e-02 -1.16943325e-02
4.37000000e+02 -6.08807775e-02 6.25111509e-02 -1.09354256e-02
4.38000000e+02 -6.07227887e-02 6.24899817e-02 -1.01765186e-02
4.39000000e+02 -6.05647999e-02 6.24688125e-02 -9.41761161e-03
4.40000000e+02 -6.04068111e-02 6.24476433e-02 -8.65870464e-03
4.41000000e+02 -5.91495102e-02 6.12081603e-02 -8.09951303e-03
4.42000000e+02 -5.78922094e-02 5.99686773e-02 -7.54032143e-03
4.43000000e+02 -5.66349086e-02 5.87291943e-02 -6.98112983e-03
4.44000000e+02 -5.53776078e-02 5.74897113e-02 -6.42193823e-03
4.45000000e+02 -5.41203070e-02 5.62502283e-02 -5.86274662e-03
4.46000000e+02 -5.28630061e-02 5.50107453e-02 -5.30355502e-03
4.47000000e+02 -5.16057053e-02 5.37712623e-02 -4.74436342e-03
4.48000000e+02 -5.03484045e-02 5.25317793e-02 -4.18517182e-03
4.49000000e+02 -4.90911037e-02 5.12922963e-02 -3.62598021e-03
4.50000000e+02 -4.78338028e-02 5.00528133e-02 -3.06678861e-03
4.51000000e+02 -4.65765020e-02 4.88133304e-02 -2.50759701e-03
4.52000000e+02 -4.53192012e-02 4.75738474e-02 -1.94840541e-03
4.53000000e+02 -4.40619004e-02 4.63343644e-02 -1.38921380e-03
4.54000000e+02 -4.28045996e-02 4.50948814e-02 -8.30022201e-04
4.55000000e+02 -4.15472987e-02 4.38553984e-02 -2.70830598e-04
4.56000000e+02 -4.02899979e-02 4.26159154e-02 2.88361004e-04
4.57000000e+02 -3.90326971e-02 4.13764324e-02 8.47552607e-04
4.58000000e+02 -3.77753963e-02 4.01369494e-02 1.40674421e-03
4.59000000e+02 -3.65180954e-02 3.88974664e-02 1.96593581e-03
4.60000000e+02 -3.52607946e-02 3.76579834e-02 2.52512741e-03
4.61000000e+02 -3.37275702e-02 3.60442347e-02 2.68078235e-03
4.62000000e+02 -3.21943457e-02 3.44304860e-02 2.83643728e-03
4.63000000e+02 -3.06611213e-02 3.28167374e-02 2.99209221e-03
4.64000000e+02 -2.91278969e-02 3.12029887e-02 3.14774715e-03
4.65000000e+02 -2.75946724e-02 2.95892400e-02 3.30340208e-03
4.66000000e+02 -2.60614480e-02 2.79754913e-02 3.45905701e-03
4.67000000e+02 -2.45282235e-02 2.63617426e-02 3.61471195e-03
4.68000000e+02 -2.29949991e-02 2.47479939e-02 3.77036688e-03
4.69000000e+02 -2.14617747e-02 2.31342452e-02 3.92602181e-03
4.70000000e+02 -1.99285502e-02 2.15204966e-02 4.08167675e-03
4.71000000e+02 -1.83953258e-02 1.99067479e-02 4.23733168e-03
4.72000000e+02 -1.68621013e-02 1.82929992e-02 4.39298661e-03
4.73000000e+02 -1.53288769e-02 1.66792505e-02 4.54864155e-03
4.74000000e+02 -1.37956524e-02 1.50655018e-02 4.70429648e-03
4.75000000e+02 -1.22624280e-02 1.34517531e-02 4.85995141e-03
4.76000000e+02 -1.07292036e-02 1.18380044e-02 5.01560635e-03
4.77000000e+02 -9.19597912e-03 1.02242558e-02 5.17126128e-03
4.78000000e+02 -7.66275468e-03 8.61050708e-03 5.32691621e-03
4.79000000e+02 -6.12953023e-03 6.99675839e-03 5.48257115e-03
4.80000000e+02 -4.59630579e-03 5.38300970e-03 5.63822608e-03
4.81000000e+02 -4.28022159e-03 5.03799775e-03 5.59863853e-03
4.82000000e+02 -3.96413738e-03 4.69298580e-03 5.55905098e-03
4.83000000e+02 -3.64805318e-03 4.34797384e-03 5.51946343e-03
4.84000000e+02 -3.33196897e-03 4.00296189e-03 5.47987587e-03
4.85000000e+02 -3.01588477e-03 3.65794993e-03 5.44028832e-03
4.86000000e+02 -2.69980056e-03 3.31293798e-03 5.40070077e-03
4.87000000e+02 -2.38371636e-03 2.96792603e-03 5.36111322e-03
4.88000000e+02 -2.06763215e-03 2.62291407e-03 5.32152567e-03
4.89000000e+02 -1.75154795e-03 2.27790212e-03 5.28193812e-03
4.90000000e+02 -1.43546374e-03 1.93289016e-03 5.24235056e-03
4.91000000e+02 -1.11937954e-03 1.58787821e-03 5.20276301e-03
4.92000000e+02 -8.03295335e-04 1.24286626e-03 5.16317546e-03
4.93000000e+02 -4.87211130e-04 8.97854303e-04 5.12358791e-03
4.94000000e+02 -1.71126925e-04 5.52842349e-04 5.08400036e-03
4.95000000e+02 1.44957280e-04 2.07830395e-04 5.04441281e-03
4.96000000e+02 4.61041485e-04 -1.37181559e-04 5.00482525e-03
4.97000000e+02 7.77125690e-04 -4.82193513e-04 4.96523770e-03
4.98000000e+02 1.09320989e-03 -8.27205467e-04 4.92565015e-03
4.99000000e+02 1.40929410e-03 -1.17221742e-03 4.88606260e-03
5.00000000e+02 1.72537830e-03 -1.51722938e-03 4.84647505e-03
5.01000000e+02 1.70790257e-03 -1.49864444e-03 4.81132936e-03
5.02000000e+02 1.69042684e-03 -1.48005951e-03 4.77618366e-03
5.03000000e+02 1.67295111e-03 -1.46147458e-03 4.74103797e-03
5.04000000e+02 1.65547539e-03 -1.44288964e-03 4.70589228e-03
5.05000000e+02 1.63799966e-03 -1.42430471e-03 4.67074659e-03
5.06000000e+02 1.62052393e-03 -1.40571978e-03 4.63560089e-03
5.07000000e+02 1.60304820e-03 -1.38713484e-03 4.60045520e-03
5.08000000e+02 1.58557247e-03 -1.36854991e-03 4.56530951e-03
5.09000000e+02 1.56809674e-03 -1.34996498e-03 4.53016382e-03
5.10000000e+02 1.55062101e-03 -1.33138004e-03 4.49501813e-03
5.11000000e+02 1.53314528e-03 -1.31279511e-03 4.45987243e-03
5.12000000e+02 1.51566955e-03 -1.29421018e-03 4.42472674e-03
5.13000000e+02 1.49819382e-03 -1.27562524e-03 4.38958105e-03
5.14000000e+02 1.48071809e-03 -1.25704031e-03 4.35443536e-03
5.15000000e+02 1.46324236e-03 -1.23845538e-03 4.31928966e-03
5.16000000e+02 1.44576663e-03 -1.21987045e-03 4.28414397e-03
5.17000000e+02 1.42829090e-03 -1.20128551e-03 4.24899828e-03
5.18000000e+02 1.41081517e-03 -1.18270058e-03 4.21385259e-03
5.19000000e+02 1.39333944e-03 -1.16411565e-03 4.17870690e-03
5.20000000e+02 1.37586371e-03 -1.14553071e-03 4.14356120e-03
5.21000000e+02 1.36192634e-03 -1.13077195e-03 4.11481572e-03
5.22000000e+02 1.34798897e-03 -1.11601319e-03 4.08607024e-03
5.23000000e+02 1.33405160e-03 -1.10125443e-03 4.05732476e-03
5.24000000e+02 1.32011423e-03 -1.08649567e-03 4.02857928e-03
5.25000000e+02 1.30617687e-03 -1.07173691e-03 3.99983380e-03
5.26000000e+02 1.29223950e-03 -1.05697815e-03 3.97108832e-03
5.27000000e+02 1.27830213e-03 -1.04221939e-03 3.94234285e-03
5.28000000e+02 1.26436476e-03 -1.02746063e-03 3.91359737e-03
5.29000000e+02 1.25042739e-03 -1.01270187e-03 3.88485189e-03
5.30000000e+02 1.23649002e-03 -9.97943108e-04 3.85610641e-03
5.31000000e+02 1.22255265e-03 -9.83184348e-04 3.82736093e-03
5.32000000e+02 1.20861529e-03 -9.68425588e-04 3.79861545e-03
5.33000000e+02 1.19467792e-03 -9.53666827e-04 3.76986997e-03
5.34000000e+02 1.18074055e-03 -9.38908067e-04 3.74112449e-03
5.35000000e+02 1.16680318e-03 -9.24149306e-04 3.71237901e-03
5.36000000e+02 1.15286581e-03 -9.09390546e-04 3.68363353e-03
5.37000000e+02 1.13892844e-03 -8.94631785e-04 3.65488805e-03
5.38000000e+02 1.12499107e-03 -8.79873025e-04 3.62614257e-03
5.39000000e+02 1.11105371e-03 -8.65114264e-04 3.59739709e-03
5.40000000e+02 1.09711634e-03 -8.50355504e-04 3.56865161e-03
5.41000000e+02 1.08599359e-03 -8.38660037e-04 3.54508517e-03
5.42000000e+02 1.07487085e-03 -8.26964571e-04 3.52151872e-03
5.43000000e+02 1.06374810e-03 -8.15269104e-04 3.49795228e-03
5.44000000e+02 1.05262536e-03 -8.03573637e-04 3.47438584e-03
5.45000000e+02 1.04150261e-03 -7.91878170e-04 3.45081939e-03
5.46000000e+02 1.03037987e-03 -7.80182704e-04 3.42725295e-03
5.47000000e+02 1.01925712e-03 -7.68487237e-04 3.40368650e-03
5.48000000e+02 1.00813438e-03 -7.56791770e-04 3.38012006e-03
5.49000000e+02 9.97011631e-04 -7.45096303e-04 3.35655362e-03
5.50000000e+02 9.85888886e-04 -7.33400837e-04 3.33298717e-03
5.51000000e+02 9.74766141e-04 -7.21705370e-04 3.30942073e-03
5.52000000e+02 9.63643396e-04 -7.10009903e-04 3.28585429e-03
5.53000000e+02 9.52520651e-04 -6.98314436e-04 3.26228784e-03
5.54000000e+02 9.41397906e-04 -6.86618970e-04 3.23872140e-03
5.55000000e+02 9.30275160e-04 -6.74923503e-04 3.21515496e-03
5.56000000e+02 9.19152415e-04 -6.63228036e-04 3.19158851e-03
5.57000000e+02 9.08029670e-04 -6.51532569e-04 3.16802207e-03
5.58000000e+02 8.96906925e-04 -6.39837103e-04 3.14445563e-03
5.59000000e+02 8.85784180e-04 -6.28141636e-04 3.12088918e-03
5.60000000e+02 8.74661435e-04 -6.16446169e-04 3.09732274e-03
5.61000000e+02 8.65780866e-04 -6.07202440e-04 3.07794515e-03
5.62000000e+02 8.56900297e-04 -5.97958711e-04 3.05856757e-03
5.63000000e+02 8.48019727e-04 -5.88714983e-04 3.03918998e-03
5.64000000e+02 8.39139158e-04 -5.79471254e-04 3.01981239e-03
5.65000000e+02 8.30258589e-04 -5.70227525e-04 3.00043481e-03
5.66000000e+02 8.21378020e-04 -5.60983796e-04 2.98105722e-03
5.67000000e+02 8.12497451e-04 -5.51740067e-04 2.96167964e-03
5.68000000e+02 8.03616882e-04 -5.42496339e-04 2.94230205e-03
5.69000000e+02 7.94736313e-04 -5.33252610e-04 2.92292446e-03
5.70000000e+02 7.85855744e-04 -5.24008881e-04 2.90354688e-03
5.71000000e+02 7.76975175e-04 -5.14765152e-04 2.88416929e-03
5.72000000e+02 7.68094605e-04 -5.05521424e-04 2.86479171e-03
5.73000000e+02 7.59214036e-04 -4.96277695e-04 2.84541412e-03
5.74000000e+02 7.50333467e-04 -4.87033966e-04 2.82603653e-03
5.75000000e+02 7.41452898e-04 -4.77790237e-04 2.80665895e-03
5.76000000e+02 7.32572329e-04 -4.68546508e-04 2.78728136e-03
5.77000000e+02 7.23691760e-04 -4.59302780e-04 2.76790378e-03
5.78000000e+02 7.14811191e-04 -4.50059051e-04 2.74852619e-03
5.79000000e+02 7.05930622e-04 -4.40815322e-04 2.72914860e-03
5.80000000e+02 6.97050053e-04 -4.31571593e-04 2.70977102e-03
5.81000000e+02 6.89957713e-04 -4.24289309e-04 2.69378102e-03
5.82000000e+02 6.82865373e-04 -4.17007026e-04 2.67779103e-03
5.83000000e+02 6.75773034e-04 -4.09724742e-04 2.66180103e-03
5.84000000e+02 6.68680694e-04 -4.02442458e-04 2.64581103e-03
5.85000000e+02 6.61588355e-04 -3.95160174e-04 2.62982104e-03
5.86000000e+02 6.54496015e-04 -3.87877890e-04 2.61383104e-03
5.87000000e+02 6.47403676e-04 -3.80595606e-04 2.59784105e-03
5.88000000e+02 6.40311336e-04 -3.73313322e-04 2.58185105e-03
5.89000000e+02 6.33218996e-04 -3.66031039e-04 2.56586105e-03
5.90000000e+02 6.26126657e-04 -3.58748755e-04 2.54987106e-03
5.91000000e+02 6.19034317e-04 -3.51466471e-04 2.53388106e-03
5.92000000e+02 6.11941978e-04 -3.44184187e-04 2.51789107e-03
5.93000000e+02 6.04849638e-04 -3.36901903e-04 2.50190107e-03
5.94000000e+02 5.97757299e-04 -3.29619619e-04 2.48591107e-03
5.95000000e+02 5.90664959e-04 -3.22337336e-04 2.46992108e-03
5.96000000e+02 5.83572619e-04 -3.15055052e-04 2.45393108e-03
5.97000000e+02 5.76480280e-04 -3.07772768e-04 2.43794109e-03
5.98000000e+02 5.69387940e-04 -3.00490484e-04 2.42195109e-03
5.99000000e+02 5.62295601e-04 -2.93208200e-04 2.40596109e-03
6.00000000e+02 5.55203261e-04 -2.85925916e-04 2.38997110e-03
6.01000000e+02 5.49538414e-04 -2.80211978e-04 2.37672130e-03
6.02000000e+02 5.43873567e-04 -2.74498041e-04 2.36347151e-03
6.03000000e+02 5.38208720e-04 -2.68784103e-04 2.35022171e-03
6.04000000e+02 5.32543874e-04 -2.63070165e-04 2.33697191e-03
6.05000000e+02 5.26879027e-04 -2.57356227e-04 2.32372212e-03
6.06000000e+02 5.21214180e-04 -2.51642289e-04 2.31047232e-03
6.07000000e+02 5.15549333e-04 -2.45928351e-04 2.29722252e-03
6.08000000e+02 5.09884486e-04 -2.40214413e-04 2.28397273e-03
6.09000000e+02 5.04219639e-04 -2.34500475e-04 2.27072293e-03
6.10000000e+02 4.98554792e-04 -2.28786537e-04 2.25747314e-03
6.11000000e+02 4.92889945e-04 -2.23072599e-04 2.24422334e-03
6.12000000e+02 4.87225098e-04 -2.17358661e-04 2.23097354e-03
6.13000000e+02 4.81560251e-04 -2.11644723e-04 2.21772375e-03
6.14000000e+02 4.75895404e-04 -2.05930785e-04 2.20447395e-03
6.15000000e+02 4.70230558e-04 -2.00216847e-04 2.19122415e-03
6.16000000e+02 4.64565711e-04 -1.94502909e-04 2.17797436e-03
6.17000000e+02 4.58900864e-04 -1.88788971e-04 2.16472456e-03
6.18000000e+02 4.53236017e-04 -1.83075033e-04 2.15147476e-03
6.19000000e+02 4.47571170e-04 -1.77361095e-04 2.13822497e-03
6.20000000e+02 4.41906323e-04 -1.71647157e-04 2.12497517e-03
6.21000000e+02 4.37381808e-04 -1.67186387e-04 2.11394313e-03
6.22000000e+02 4.32857293e-04 -1.62725617e-04 2.10291108e-03
6.23000000e+02 4.28332778e-04 -1.58264847e-04 2.09187904e-03
6.24000000e+02 4.23808264e-04 -1.53804076e-04 2.08084700e-03
6.25000000e+02 4.19283749e-04 -1.49343306e-04 2.06981495e-03
6.26000000e+02 4.14759234e-04 -1.44882536e-04 2.05878291e-03
6.27000000e+02 4.10234719e-04 -1.40421765e-04 2.04775086e-03
6.28000000e+02 4.05710204e-04 -1.35960995e-04 2.03671882e-03
6.29000000e+02 4.01185689e-04 -1.31500225e-04 2.02568677e-03
6.30000000e+02 3.96661175e-04 -1.27039455e-04 2.01465473e-03
6.31000000e+02 3.92136660e-04 -1.22578684e-04 2.00362269e-03
6.32000000e+02 3.87612145e-04 -1.18117914e-04 1.99259064e-03
6.33000000e+02 3.83087630e-04 -1.13657144e-04 1.98155860e-03
6.34000000e+02 3.78563115e-04 -1.09196373e-04 1.97052655e-03
6.35000000e+02 3.74038600e-04 -1.04735603e-04 1.95949451e-03
6.36000000e+02 3.69514085e-04 -1.00274833e-04 1.94846247e-03
6.37000000e+02 3.64989571e-04 -9.58140626e-05 1.93743042e-03
6.38000000e+02 3.60465056e-04 -9.13532924e-05 1.92639838e-03
6.39000000e+02 3.55940541e-04 -8.68925221e-05 1.91536633e-03
6.40000000e+02 3.51416026e-04 -8.24317518e-05 1.90433429e-03
6.41000000e+02 -6.54973884e-04 1.22760238e-03 1.94597749e-03
6.42000000e+02 -1.66136379e-03 2.53763651e-03 1.98762068e-03
6.43000000e+02 -2.66775370e-03 3.84767064e-03 2.02926388e-03
6.44000000e+02 -3.67414362e-03 5.15770478e-03 2.07090707e-03
6.45000000e+02 -4.68053353e-03 6.46773891e-03 2.11255027e-03
6.46000000e+02 -5.68692344e-03 7.77777304e-03 2.15419347e-03
6.47000000e+02 -6.69331335e-03 9.08780717e-03 2.19583666e-03
6.48000000e+02 -7.69970326e-03 1.03978413e-02 2.23747986e-03
6.49000000e+02 -8.70609317e-03 1.17078754e-02 2.27912305e-03
6.50000000e+02 -9.71248308e-03 1.30179096e-02 2.32076625e-03
6.51000000e+02 -1.07188730e-02 1.43279437e-02 2.36240945e-03
6.52000000e+02 -1.17252629e-02 1.56379778e-02 2.40405264e-03
6.53000000e+02 -1.27316528e-02 1.69480120e-02 2.44569584e-03
6.54000000e+02 -1.37380427e-02 1.82580461e-02 2.48733903e-03
6.55000000e+02 -1.47444326e-02 1.95680802e-02 2.52898223e-03
6.56000000e+02 -1.57508225e-02 2.08781144e-02 2.57062543e-03
6.57000000e+02 -1.67572124e-02 2.21881485e-02 2.61226862e-03
6.58000000e+02 -1.77636024e-02 2.34981826e-02 2.65391182e-03
6.59000000e+02 -1.87699923e-02 2.48082168e-02 2.69555501e-03
6.60000000e+02 -1.97763822e-02 2.61182509e-02 2.73719821e-03
6.61000000e+02 -2.13011653e-02 2.79961208e-02 2.91349988e-03
6.62000000e+02 -2.28259484e-02 2.98739907e-02 3.08980154e-03
6.63000000e+02 -2.43507315e-02 3.17518606e-02 3.26610320e-03
6.64000000e+02 -2.58755146e-02 3.36297304e-02 3.44240487e-03
6.65000000e+02 -2.74002977e-02 3.55076003e-02 3.61870653e-03
6.66000000e+02 -2.89250809e-02 3.73854702e-02 3.79500820e-03
6.67000000e+02 -3.04498640e-02 3.92633401e-02 3.97130986e-03
6.68000000e+02 -3.19746471e-02 4.11412100e-02 4.14761152e-03
6.69000000e+02 -3.34994302e-02 4.30190799e-02 4.32391319e-03
6.70000000e+02 -3.50242133e-02 4.48969498e-02 4.50021485e-03
6.71000000e+02 -3.65489964e-02 4.67748196e-02 4.67651652e-03
6.72000000e+02 -3.80737795e-02 4.86526895e-02 4.85281818e-03
6.73000000e+02 -3.95985627e-02 5.05305594e-02 5.02911984e-03
6.74000000e+02 -4.11233458e-02 5.24084293e-02 5.20542151e-03
6.75000000e+02 -4.26481289e-02 5.42862992e-02 5.38172317e-03
6.76000000e+02 -4.41729120e-02 5.61641691e-02 5.55802484e-03
6.77000000e+02 -4.56976951e-02 5.80420390e-02 5.73432650e-03
6.78000000e+02 -4.72224782e-02 5.99199088e-02 5.91062816e-03
6.79000000e+02 -4.87472613e-02 6.17977787e-02 6.08692983e-03
6.80000000e+02 -5.02720444e-02 6.36756486e-02 6.26323149e-03
6.81000000e+02 -5.08803477e-02 6.42001886e-02 6.53032967e-03
6.82000000e+02 -5.14886509e-02 6.47247286e-02 6.79742785e-03
6.83000000e+02 -5.20969542e-02 6.52492686e-02 7.06452603e-03
6.84000000e+02 -5.27052575e-02 6.57738086e-02 7.33162422e-03
6.85000000e+02 -5.33135607e-02 6.62983486e-02 7.59872240e-03
6.86000000e+02 -5.39218640e-02 6.68228886e-02 7.86582058e-03
6.87000000e+02 -5.45301672e-02 6.73474287e-02 8.13291876e-03
6.88000000e+02 -5.51384705e-02 6.78719687e-02 8.40001694e-03
6.89000000e+02 -5.57467737e-02 6.83965087e-02 8.66711512e-03
6.90000000e+02 -5.63550770e-02 6.89210487e-02 8.93421330e-03
6.91000000e+02 -5.69633802e-02 6.94455887e-02 9.20131148e-03
6.92000000e+02 -5.75716835e-02 6.99701287e-02 9.46840966e-03
6.93000000e+02 -5.81799867e-02 7.04946687e-02 9.73550784e-03
6.94000000e+02 -5.87882900e-02 7.10192087e-02 1.00026060e-02
6.95000000e+02 -5.93965932e-02 7.15437487e-02 1.02697042e-02
6.96000000e+02 -6.00048965e-02 7.20682887e-02 1.05368024e-02
6.97000000e+02 -6.06131997e-02 7.25928287e-02 1.08039006e-02
6.98000000e+02 -6.12215030e-02 7.31173687e-02 1.10709987e-02
6.99000000e+02 -6.18298062e-02 7.36419087e-02 1.13380969e-02
7.00000000e+02 -6.24381095e-02 7.41664487e-02 1.16051951e-02
7.01000000e+02 -6.16175212e-02 7.29405407e-02 1.21564471e-02
7.02000000e+02 -6.07969329e-02 7.17146326e-02 1.27076991e-02
7.03000000e+02 -5.99763446e-02 7.04887246e-02 1.32589511e-02
7.04000000e+02 -5.91557564e-02 6.92628166e-02 1.38102031e-02
7.05000000e+02 -5.83351681e-02 6.80369085e-02 1.43614551e-02
7.06000000e+02 -5.75145798e-02 6.68110005e-02 1.49127071e-02
7.07000000e+02 -5.66939915e-02 6.55850924e-02 1.54639591e-02
7.08000000e+02 -5.58734032e-02 6.43591844e-02 1.60152111e-02
7.09000000e+02 -5.50528150e-02 6.31332764e-02 1.65664631e-02
7.10000000e+02 -5.42322267e-02 6.19073683e-02 1.71177151e-02
7.11000000e+02 -5.34116384e-02 6.06814603e-02 1.76689671e-02
7.12000000e+02 -5.25910501e-02 5.94555522e-02 1.82202191e-02
7.13000000e+02 -5.17704618e-02 5.82296442e-02 1.87714711e-02
7.14000000e+02 -5.09498735e-02 5.70037362e-02 1.93227231e-02
7.15000000e+02 -5.01292853e-02 5.57778281e-02 1.98739751e-02
7.16000000e+02 -4.93086970e-02 5.45519201e-02 2.04252271e-02
7.17000000e+02 -4.84881087e-02 5.33260120e-02 2.09764791e-02
7.18000000e+02 -4.76675204e-02 5.21001040e-02 2.15277311e-02
7.19000000e+02 -4.68469321e-02 5.08741960e-02 2.20789831e-02
7.20000000e+02 -4.60263439e-02 4.96482879e-02 2.26302351e-02
7.21000000e+02 -4.40527875e-02 4.73554556e-02 2.36803151e-02
7.22000000e+02 -4.20792311e-02 4.50626233e-02 2.47303951e-02
7.23000000e+02 -4.01056747e-02 4.27697910e-02 2.57804750e-02
7.24000000e+02 -3.81321184e-02 4.04769587e-02 2.68305550e-02
7.25000000e+02 -3.61585620e-02 3.81841263e-02 2.78806350e-02
7.26000000e+02 -3.41850056e-02 3.58912940e-02 2.89307150e-02
7.27000000e+02 -3.22114493e-02 3.35984617e-02 2.99807949e-02
7.28000000e+02 -3.02378929e-02 3.13056294e-02 3.10308749e-02
7.29000000e+02 -2.82643365e-02 2.90127971e-02 3.20809549e-02
7.30000000e+02 -2.62907802e-02 2.67199648e-02 3.31310349e-02
7.31000000e+02 -2.43172238e-02 2.44271325e-02 3.41811148e-02
7.32000000e+02 -2.23436674e-02 2.21343002e-02 3.52311948e-02
7.33000000e+02 -2.03701111e-02 1.98414678e-02 3.62812748e-02
7.34000000e+02 -1.83965547e-02 1.75486355e-02 3.73313548e-02
7.35000000e+02 -1.64229983e-02 1.52558032e-02 3.83814348e-02
7.36000000e+02 -1.44494420e-02 1.29629709e-02 3.94315147e-02
7.37000000e+02 -1.24758856e-02 1.06701386e-02 4.04815947e-02
7.38000000e+02 -1.05023292e-02 8.37730628e-03 4.15316747e-02
7.39000000e+02 -8.52877287e-03 6.08447397e-03 4.25817547e-02
7.40000000e+02 -6.55521650e-03 3.79164166e-03 4.36318346e-02
7.41000000e+02 -4.42094550e-03 1.56628517e-03 4.48667439e-02
7.42000000e+02 -2.28667451e-03 -6.59071318e-04 4.61016532e-02
7.43000000e+02 -1.52403510e-04 -2.88442781e-03 4.73365626e-02
7.44000000e+02 1.98186749e-03 -5.10978430e-03 4.85714719e-02
7.45000000e+02 4.11613848e-03 -7.33514078e-03 4.98063812e-02
7.46000000e+02 6.25040948e-03 -9.56049727e-03 5.10412905e-02
7.47000000e+02 8.38468048e-03 -1.17858538e-02 5.22761998e-02
7.48000000e+02 1.05189515e-02 -1.40112102e-02 5.35111091e-02
7.49000000e+02 1.26532225e-02 -1.62365667e-02 5.47460184e-02
7.50000000e+02 1.47874935e-02 -1.84619232e-02 5.59809277e-02
7.51000000e+02 1.69217645e-02 -2.06872797e-02 5.72158370e-02
7.52000000e+02 1.90560355e-02 -2.29126362e-02 5.84507463e-02
7.53000000e+02 2.11903065e-02 -2.51379927e-02 5.96856556e-02
7.54000000e+02 2.33245774e-02 -2.73633492e-02 6.09205649e-02
7.55000000e+02 2.54588484e-02 -2.95887057e-02 6.21554742e-02
7.56000000e+02 2.75931194e-02 -3.18140622e-02 6.33903835e-02
7.57000000e+02 2.97273904e-02 -3.40394186e-02 6.46252928e-02
7.58000000e+02 3.18616614e-02 -3.62647751e-02 6.58602021e-02
7.59000000e+02 3.39959324e-02 -3.84901316e-02 6.70951114e-02
7.60000000e+02 3.61302034e-02 -4.07154881e-02 6.83300207e-02
7.61000000e+02 3.72660723e-02 -4.18915945e-02 6.88897765e-02
7.62000000e+02 3.84019412e-02 -4.30677009e-02 6.94495322e-02
7.63000000e+02 3.95378101e-02 -4.42438073e-02 7.00092880e-02
7.64000000e+02 4.06736790e-02 -4.54199138e-02 7.05690437e-02
7.65000000e+02 4.18095480e-02 -4.65960202e-02 7.11287995e-02
7.66000000e+02 4.29454169e-02 -4.77721266e-02 7.16885552e-02
7.67000000e+02 4.40812858e-02 -4.89482330e-02 7.22483110e-02
7.68000000e+02 4.52171547e-02 -5.01243394e-02 7.28080667e-02
7.69000000e+02 4.63530236e-02 -5.13004458e-02 7.33678224e-02
7.70000000e+02 4.74888925e-02 -5.24765522e-02 7.39275782e-02
7.71000000e+02 4.86247614e-02 -5.36526586e-02 7.44873339e-02
7.72000000e+02 4.97606303e-02 -5.48287650e-02 7.50470897e-02
7.73000000e+02 5.08964992e-02 -5.60048715e-02 7.56068454e-02
7.74000000e+02 5.20323681e-02 -5.71809779e-02 7.61666012e-02
7.75000000e+02 5.31682370e-02 -5.83570843e-02 7.67263569e-02
7.76000000e+02 5.43041059e-02 -5.95331907e-02 7.72861127e-02
7.77000000e+02 5.54399748e-02 -6.07092971e-02 7.78458684e-02
7.78000000e+02 5.65758437e-02 -6.18854035e-02 7.84056242e-02
7.79000000e+02 5.77117126e-02 -6.30615099e-02 7.89653799e-02
7.80000000e+02 5.88475815e-02 -6.42376163e-02 7.95251356e-02
7.81000000e+02 5.84467704e-02 -6.38612304e-02 7.86637027e-02
7.82000000e+02 5.80459592e-02 -6.34848445e-02 7.78022698e-02
7.83000000e+02 5.76451481e-02 -6.31084586e-02 7.69408369e-02
7.84000000e+02 5.72443369e-02 -6.27320727e-02 7.60794040e-02
7.85000000e+02 5.68435258e-02 -6.23556868e-02 7.52179711e-02
7.86000000e+02 5.64427146e-02 -6.19793009e-02 7.43565382e-02
7.87000000e+02 5.60419034e-02 -6.16029150e-02 7.34951053e-02
7.88000000e+02 5.56410923e-02 -6.12265290e-02 7.26336724e-02
7.89000000e+02 5.52402811e-02 -6.08501431e-02 7.17722395e-02
7.90000000e+02 5.48394700e-02 -6.04737572e-02 7.09108066e-02
7.91000000e+02 5.44386588e-02 -6.00973713e-02 7.00493736e-02
7.92000000e+02 5.40378476e-02 -5.97209854e-02 6.91879407e-02
7.93000000e+02 5.36370365e-02 -5.93445995e-02 6.83265078e-02
7.94000000e+02 5.32362253e-02 -5.89682136e-02 6.74650749e-02
7.95000000e+02 5.28354142e-02 -5.85918277e-02 6.66036420e-02
7.96000000e+02 5.24346030e-02 -5.82154417e-02 6.57422091e-02
7.97000000e+02 5.20337919e-02 -5.78390558e-02 6.48807762e-02
7.98000000e+02 5.16329807e-02 -5.74626699e-02 6.40193433e-02
7.99000000e+02 5.12321695e-02 -5.70862840e-02 6.31579104e-02
8.00000000e+02 5.08313584e-02 -5.67098981e-02 6.22964775e-02
8.01000000e+02 4.93432580e-02 -5.50924679e-02 6.03366278e-02
8.02000000e+02 4.78551576e-02 -5.34750377e-02 5.83767782e-02
8.03000000e+02 4.63670572e-02 -5.18576075e-02 5.64169286e-02
8.04000000e+02 4.48789568e-02 -5.02401773e-02 5.44570790e-02
8.05000000e+02 4.33908564e-02 -4.86227471e-02 5.24972294e-02
8.06000000e+02 4.19027561e-02 -4.70053169e-02 5.05373798e-02
8.07000000e+02 4.04146557e-02 -4.53878867e-02 4.85775302e-02
8.08000000e+02 3.89265553e-02 -4.37704565e-02 4.66176806e-02
8.09000000e+02 3.74384549e-02 -4.21530263e-02 4.46578310e-02
8.10000000e+02 3.59503545e-02 -4.05355961e-02 4.26979814e-02
8.11000000e+02 3.44622541e-02 -3.89181659e-02 4.07381318e-02
8.12000000e+02 3.29741537e-02 -3.73007357e-02 3.87782822e-02
8.13000000e+02 3.14860533e-02 -3.56833055e-02 3.68184326e-02
8.14000000e+02 2.99979529e-02 -3.40658753e-02 3.48585830e-02
8.15000000e+02 2.85098526e-02 -3.24484451e-02 3.28987334e-02
8.16000000e+02 2.70217522e-02 -3.08310149e-02 3.09388838e-02
8.17000000e+02 2.55336518e-02 -2.92135847e-02 2.89790341e-02
8.18000000e+02 2.40455514e-02 -2.75961545e-02 2.70191845e-02
8.19000000e+02 2.25574510e-02 -2.59787243e-02 2.50593349e-02
8.20000000e+02 2.10693506e-02 -2.43612941e-02 2.30994853e-02
8.21000000e+02 1.99889384e-02 -2.31491970e-02 2.18062463e-02
8.22000000e+02 1.89085263e-02 -2.19370998e-02 2.05130074e-02
8.23000000e+02 1.78281141e-02 -2.07250026e-02 1.92197684e-02
8.24000000e+02 1.67477019e-02 -1.95129054e-02 1.79265294e-02
8.25000000e+02 1.56672897e-02 -1.83008082e-02 1.66332904e-02
8.26000000e+02 1.45868775e-02 -1.70887111e-02 1.53400514e-02
8.27000000e+02 1.35064654e-02 -1.58766139e-02 1.40468124e-02
8.28000000e+02 1.24260532e-02 -1.46645167e-02 1.27535735e-02
8.29000000e+02 1.13456410e-02 -1.34524195e-02 1.14603345e-02
8.30000000e+02 1.02652288e-02 -1.22403223e-02 1.01670955e-02
8.31000000e+02 9.18481664e-03 -1.10282252e-02 8.87385651e-03
8.32000000e+02 8.10440446e-03 -9.81612799e-03 7.58061752e-03
8.33000000e+02 7.02399228e-03 -8.60403081e-03 6.28737854e-03
8.34000000e+02 5.94358010e-03 -7.39193363e-03 4.99413956e-03
8.35000000e+02 4.86316792e-03 -6.17983645e-03 3.70090057e-03
8.36000000e+02 3.78275574e-03 -4.96773927e-03 2.40766159e-03
8.37000000e+02 2.70234357e-03 -3.75564209e-03 1.11442261e-03
8.38000000e+02 1.62193139e-03 -2.54354491e-03 -1.78816378e-04
8.39000000e+02 5.41519207e-04 -1.33144773e-03 -1.47205536e-03
8.40000000e+02 -5.38892972e-04 -1.19350549e-04 -2.76529434e-03
8.41000000e+02 -5.33206368e-04 -1.20687460e-04 -2.74056395e-03
8.42000000e+02 -5.27519765e-04 -1.22024372e-04 -2.71583355e-03
8.43000000e+02 -5.21833161e-04 -1.23361284e-04 -2.69110315e-03
8.44000000e+02 -5.16146558e-04 -1.24698196e-04 -2.66637275e-03
8.45000000e+02 -5.10459954e-04 -1.26035108e-04 -2.64164235e-03
8.46000000e+02 -5.04773351e-04 -1.27372019e-04 -2.61691195e-03
8.47000000e+02 -4.99086747e-04 -1.28708931e-04 -2.59218155e-03
8.48000000e+02 -4.93400144e-04 -1.30045843e-04 -2.56745115e-03
8.49000000e+02 -4.87713540e-04 -1.31382755e-04 -2.54272076e-03
8.50000000e+02 -4.82026937e-04 -1.32719666e-04 -2.51799036e-03
8.51000000e+02 -4.76340333e-04 -1.34056578e-04 -2.49325996e-03
8.52000000e+02 -4.70653730e-04 -1.35393490e-04 -2.46852956e-03
8.53000000e+02 -4.64967126e-04 -1.36730402e-04 -2.44379916e-03
8.54000000e+02 -4.59280523e-04 -1.38067314e-04 -2.41906876e-03
8.55000000e+02 -4.53593919e-04 -1.39404225e-04 -2.39433836e-03
8.56000000e+02 -4.47907316e-04 -1.40741137e-04 -2.36960797e-03
8.57000000e+02 -4.42220712e-04 -1.42078049e-04 -2.34487757e-03
8.58000000e+02 -4.36534109e-04 -1.43414961e-04 -2.32014717e-03
8.59000000e+02 -4.30847505e-04 -1.44751872e-04 -2.29541677e-03
8.60000000e+02 -4.25160902e-04 -1.46088784e-04 -2.27068637e-03
8.61000000e+02 -4.20759448e-04 -1.46931907e-04 -2.25100858e-03
8.62000000e+02 -4.16357995e-04 -1.47775030e-04 -2.23133079e-03
8.63000000e+02 -4.11956541e-04 -1.48618153e-04 -2.21165299e-03
8.64000000e+02 -4.07555088e-04 -1.49461276e-04 -2.19197520e-03
8.65000000e+02 -4.03153635e-04 -1.50304400e-04 -2.17229741e-03
8.66000000e+02 -3.98752181e-04 -1.51147523e-04 -2.15261962e-03
8.67000000e+02 -3.94350728e-04 -1.51990646e-04 -2.13294182e-03
8.68000000e+02 -3.89949274e-04 -1.52833769e-04 -2.11326403e-03
8.69000000e+02 -3.85547821e-04 -1.53676892e-04 -2.09358624e-03
8.70000000e+02 -3.81146368e-04 -1.54520015e-04 -2.07390845e-03
8.71000000e+02 -3.76744914e-04 -1.55363138e-04 -2.05423065e-03
8.72000000e+02 -3.72343461e-04 -1.56206261e-04 -2.03455286e-03
8.73000000e+02 -3.67942007e-04 -1.57049384e-04 -2.01487507e-03
8.74000000e+02 -3.63540554e-04 -1.57892507e-04 -1.99519728e-03
8.75000000e+02 -3.59139100e-04 -1.58735630e-04 -1.97551948e-03
8.76000000e+02 -3.54737647e-04 -1.59578754e-04 -1.95584169e-03
8.77000000e+02 -3.50336194e-04 -1.60421877e-04 -1.93616390e-03
8.78000000e+02 -3.45934740e-04 -1.61265000e-04 -1.91648611e-03
8.79000000e+02 -3.41533287e-04 -1.62108123e-04 -1.89680831e-03
8.80000000e+02 -3.37131833e-04 -1.62951246e-04 -1.87713052e-03
8.81000000e+02 -3.33698634e-04 -1.63460456e-04 -1.86142312e-03
8.82000000e+02 -3.30265434e-04 -1.63969666e-04 -1.84571572e-03
8.83000000e+02 -3.26832235e-04 -1.64478876e-04 -1.83000832e-03
8.84000000e+02 -3.23399035e-04 -1.64988086e-04 -1.81430092e-03
8.85000000e+02 -3.19965836e-04 -1.65497296e-04 -1.79859352e-03
8.86000000e+02 -3.16532636e-04 -1.66006506e-04 -1.78288612e-03
8.87000000e+02 -3.13099437e-04 -1.66515716e-04 -1.76717872e-03
8.88000000e+02 -3.09666237e-04 -1.67024926e-04 -1.75147132e-03
8.89000000e+02 -3.06233037e-04 -1.67534136e-04 -1.73576391e-03
8.90000000e+02 -3.02799838e-04 -1.68043346e-04 -1.72005651e-03
8.91000000e+02 -2.99366638e-04 -1.68552556e-04 -1.70434911e-03
8.92000000e+02 -2.95933439e-04 -1.69061766e-04 -1.68864171e-03
8.93000000e+02 -2.92500239e-04 -1.69570976e-04 -1.67293431e-03
8.94000000e+02 -2.89067040e-04 -1.70080186e-04 -1.65722691e-03
8.95000000e+02 -2.85633840e-04 -1.70589396e-04 -1.64151951e-03
8.96000000e+02 -2.82200641e-04 -1.71098606e-04 -1.62581211e-03
8.97000000e+02 -2.78767441e-04 -1.71607816e-04 -1.61010471e-03
8.98000000e+02 -2.75334241e-04 -1.72117027e-04 -1.59439731e-03
8.99000000e+02 -2.71901042e-04 -1.72626237e-04 -1.57868991e-03
9.00000000e+02 -2.68467842e-04 -1.73135447e-04 -1.56298251e-03
9.01000000e+02 -2.65772056e-04 -1.73416606e-04 -1.55040598e-03
9.02000000e+02 -2.63076269e-04 -1.73697765e-04 -1.53782945e-03
9.03000000e+02 -2.60380483e-04 -1.73978924e-04 -1.52525292e-03
9.04000000e+02 -2.57684696e-04 -1.74260083e-04 -1.51267639e-03
9.05000000e+02 -2.54988910e-04 -1.74541242e-04 -1.50009987e-03
9.06000000e+02 -2.52293123e-04 -1.74822402e-04 -1.48752334e-03
9.07000000e+02 -2.49597336e-04 -1.75103561e-04 -1.47494681e-03
9.08000000e+02 -2.46901550e-04 -1.75384720e-04 -1.46237028e-03
9.09000000e+02 -2.44205763e-04 -1.75665879e-04 -1.44979375e-03
9.10000000e+02 -2.41509977e-04 -1.75947038e-04 -1.43721722e-03
9.11000000e+02 -2.38814190e-04 -1.76228198e-04 -1.42464069e-03
9.12000000e+02 -2.36118404e-04 -1.76509357e-04 -1.41206417e-03
9.13000000e+02 -2.33422617e-04 -1.76790516e-04 -1.39948764e-03
9.14000000e+02 -2.30726831e-04 -1.77071675e-04 -1.38691111e-03
9.15000000e+02 -2.28031044e-04 -1.77352834e-04 -1.37433458e-03
9.16000000e+02 -2.25335257e-04 -1.77633993e-04 -1.36175805e-03
9.17000000e+02 -2.22639471e-04 -1.77915153e-04 -1.34918152e-03
9.18000000e+02 -2.19943684e-04 -1.78196312e-04 -1.33660500e-03
9.19000000e+02 -2.17247898e-04 -1.78477471e-04 -1.32402847e-03
9.20000000e+02 -2.14552111e-04 -1.78758630e-04 -1.31145194e-03
9.21000000e+02 -2.12423388e-04 -1.78882447e-04 -1.30135148e-03
9.22000000e+02 -2.10294664e-04 -1.79006264e-04 -1.29125102e-03
9.23000000e+02 -2.08165941e-04 -1.79130080e-04 -1.28115056e-03
9.24000000e+02 -2.06037218e-04 -1.79253897e-04 -1.27105010e-03
9.25000000e+02 -2.03908494e-04 -1.79377714e-04 -1.26094964e-03
9.26000000e+02 -2.01779771e-04 -1.79501530e-04 -1.25084919e-03
9.27000000e+02 -1.99651048e-04 -1.79625347e-04 -1.24074873e-03
9.28000000e+02 -1.97522324e-04 -1.79749164e-04 -1.23064827e-03
9.29000000e+02 -1.95393601e-04 -1.79872981e-04 -1.22054781e-03
9.30000000e+02 -1.93264877e-04 -1.79996797e-04 -1.21044735e-03
9.31000000e+02 -1.91136154e-04 -1.80120614e-04 -1.20034689e-03
9.32000000e+02 -1.89007431e-04 -1.80244431e-04 -1.19024643e-03
9.33000000e+02 -1.86878707e-04 -1.80368248e-04 -1.18014597e-03
9.34000000e+02 -1.84749984e-04 -1.80492064e-04 -1.17004552e-03
9.35000000e+02 -1.82621260e-04 -1.80615881e-04 -1.15994506e-03
9.36000000e+02 -1.80492537e-04 -1.80739698e-04 -1.14984460e-03
9.37000000e+02 -1.78363814e-04 -1.80863515e-04 -1.13974414e-03
9.38000000e+02 -1.76235090e-04 -1.80987331e-04 -1.12964368e-03
9.39000000e+02 -1.74106367e-04 -1.81111148e-04 -1.11954322e-03
9.40000000e+02 -1.71977643e-04 -1.81234965e-04 -1.10944276e-03
9.41000000e+02 -1.70288705e-04 -1.81249170e-04 -1.10130534e-03
9.42000000e+02 -1.68599766e-04 -1.81263376e-04 -1.09316792e-03
9.43000000e+02 -1.66910827e-04 -1.81277581e-04 -1.08503049e-03
9.44000000e+02 -1.65221889e-04 -1.81291786e-04 -1.07689307e-03
9.45000000e+02 -1.63532950e-04 -1.81305992e-04 -1.06875564e-03
9.46000000e+02 -1.61844011e-04 -1.81320197e-04 -1.06061822e-03
9.47000000e+02 -1.60155073e-04 -1.81334403e-04 -1.05248079e-03
9.48000000e+02 -1.58466134e-04 -1.81348608e-04 -1.04434337e-03
9.49000000e+02 -1.56777195e-04 -1.81362813e-04 -1.03620595e-03
9.50000000e+02 -1.55088257e-04 -1.81377019e-04 -1.02806852e-03
9.51000000e+02 -1.53399318e-04 -1.81391224e-04 -1.01993110e-03
9.52000000e+02 -1.51710379e-04 -1.81405430e-04 -1.01179367e-03
9.53000000e+02 -1.50021441e-04 -1.81419635e-04 -1.00365625e-03
9.54000000e+02 -1.48332502e-04 -1.81433840e-04 -9.95518825e-04
9.55000000e+02 -1.46643563e-04 -1.81448046e-04 -9.87381400e-04
9.56000000e+02 -1.44954625e-04 -1.81462251e-04 -9.79243976e-04
9.57000000e+02 -1.43265686e-04 -1.81476457e-04 -9.71106552e-04
9.58000000e+02 -1.41576747e-04 -1.81490662e-04 -9.62969128e-04
9.59000000e+02 -1.39887809e-04 -1.81504867e-04 -9.54831704e-04
9.60000000e+02 -1.38198870e-04 -1.81519073e-04 -9.46694279e-04
9.61000000e+02 -1.36853515e-04 -1.81456291e-04 -9.40116432e-04
9.62000000e+02 -1.35508160e-04 -1.81393509e-04 -9.33538586e-04
9.63000000e+02 -1.34162806e-04 -1.81330727e-04 -9.26960739e-04
9.64000000e+02 -1.32817451e-04 -1.81267945e-04 -9.20382892e-04
9.65000000e+02 -1.31472096e-04 -1.81205163e-04 -9.13805045e-04
9.66000000e+02 -1.30126742e-04 -1.81142381e-04 -9.07227198e-04
9.67000000e+02 -1.28781387e-04 -1.81079599e-04 -9.00649351e-04
9.68000000e+02 -1.27436032e-04 -1.81016817e-04 -8.94071504e-04
9.69000000e+02 -1.26090677e-04 -1.80954035e-04 -8.87493657e-04
9.70000000e+02 -1.24745323e-04 -1.80891253e-04 -8.80915810e-04
9.71000000e+02 -1.23399968e-04 -1.80828471e-04 -8.74337963e-04
9.72000000e+02 -1.22054613e-04 -1.80765689e-04 -8.67760116e-04
9.73000000e+02 -1.20709258e-04 -1.80702907e-04 -8.61182269e-04
9.74000000e+02 -1.19363904e-04 -1.80640125e-04 -8.54604422e-04
9.75000000e+02 -1.18018549e-04 -1.80577343e-04 -8.48026575e-04
9.76000000e+02 -1.16673194e-04 -1.80514561e-04 -8.41448728e-04
9.77000000e+02 -1.15327840e-04 -1.80451779e-04 -8.34870881e-04
9.78000000e+02 -1.13982485e-04 -1.80388998e-04 -8.28293034e-04
9.79000000e+02 -1.12637130e-04 -1.80326216e-04 -8.21715187e-04
9.80000000e+02 -1.11291775e-04 -1.80263434e-04 -8.15137340e-04
9.81000000e+02 -4.07280091e-04 -5.20139406e-04 -4.39186564e-04
9.82000000e+02 -7.03268407e-04 -8.60015378e-04 -6.32357876e-05
9.83000000e+02 -9.99256722e-04 -1.19989135e-03 3.12714989e-04
9.84000000e+02 -1.29524504e-03 -1.53976732e-03 6.88665765e-04
9.85000000e+02 -1.59123335e-03 -1.87964330e-03 1.06461654e-03
9.86000000e+02 -1.88722167e-03 -2.21951927e-03 1.44056732e-03
9.87000000e+02 -2.18320998e-03 -2.55939524e-03 1.81651809e-03
9.88000000e+02 -2.47919830e-03 -2.89927121e-03 2.19246887e-03
9.89000000e+02 -2.77518662e-03 -3.23914718e-03 2.56841965e-03
9.90000000e+02 -3.07117493e-03 -3.57902316e-03 2.94437042e-03
9.91000000e+02 -3.36716325e-03 -3.91889913e-03 3.32032120e-03
9.92000000e+02 -3.66315156e-03 -4.25877510e-03 3.69627198e-03
9.93000000e+02 -3.95913988e-03 -4.59865107e-03 4.07222275e-03
9.94000000e+02 -4.25512819e-03 -4.93852705e-03 4.44817353e-03
9.95000000e+02 -4.55111651e-03 -5.27840302e-03 4.82412431e-03
9.96000000e+02 -4.84710482e-03 -5.61827899e-03 5.20007508e-03
9.97000000e+02 -5.14309314e-03 -5.95815496e-03 5.57602586e-03
9.98000000e+02 -5.43908146e-03 -6.29803094e-03 5.95197664e-03
9.99000000e+02 -5.73506977e-03 -6.63790691e-03 6.32792741e-03
1.00000000e+03 -6.03105809e-03 -6.97778288e-03 6.70387819e-03
1.00100000e+03 -7.52516575e-03 -8.65656068e-03 8.65172228e-03
1.00200000e+03 -9.01927341e-03 -1.03353385e-02 1.05995664e-02
1.00300000e+03 -1.05133811e-02 -1.20141163e-02 1.25474105e-02
1.00400000e+03 -1.20074887e-02 -1.36928941e-02 1.44952545e-02
1.00500000e+03 -1.35015964e-02 -1.53716719e-02 1.64430986e-02
1.00600000e+03 -1.49957040e-02 -1.70504497e-02 1.83909427e-02
1.00700000e+03 -1.64898117e-02 -1.87292275e-02 2.03387868e-02
1.00800000e+03 -1.79839194e-02 -2.04080053e-02 2.22866309e-02
1.00900000e+03 -1.94780270e-02 -2.20867831e-02 2.42344750e-02
1.01000000e+03 -2.09721347e-02 -2.37655609e-02 2.61823191e-02
1.01100000e+03 -2.24662424e-02 -2.54443387e-02 2.81301632e-02
1.01200000e+03 -2.39603500e-02 -2.71231165e-02 3.00780073e-02
1.01300000e+03 -2.54544577e-02 -2.88018943e-02 3.20258514e-02
1.01400000e+03 -2.69485653e-02 -3.04806721e-02 3.39736954e-02
1.01500000e+03 -2.84426730e-02 -3.21594499e-02 3.59215395e-02
1.01600000e+03 -2.99367807e-02 -3.38382277e-02 3.78693836e-02
1.01700000e+03 -3.14308883e-02 -3.55170055e-02 3.98172277e-02
1.01800000e+03 -3.29249960e-02 -3.71957833e-02 4.17650718e-02
1.01900000e+03 -3.44191036e-02 -3.88745611e-02 4.37129159e-02
1.02000000e+03 -3.59132113e-02 -4.05533389e-02 4.56607600e-02
1.02100000e+03 -3.69897148e-02 -4.16599703e-02 4.72260849e-02
1.02200000e+03 -3.80662182e-02 -4.27666018e-02 4.87914097e-02
1.02300000e+03 -3.91427217e-02 -4.38732332e-02 5.03567346e-02
1.02400000e+03 -4.02192252e-02 -4.49798646e-02 5.19220595e-02
1.02500000e+03 -4.12957286e-02 -4.60864960e-02 5.34873843e-02
1.02600000e+03 -4.23722321e-02 -4.71931274e-02 5.50527092e-02
1.02700000e+03 -4.34487355e-02 -4.82997589e-02 5.66180341e-02
1.02800000e+03 -4.45252390e-02 -4.94063903e-02 5.81833590e-02
1.02900000e+03 -4.56017425e-02 -5.05130217e-02 5.97486838e-02
1.03000000e+03 -4.66782459e-02 -5.16196531e-02 6.13140087e-02
1.03100000e+03 -4.77547494e-02 -5.27262846e-02 6.28793336e-02
1.03200000e+03 -4.88312529e-02 -5.38329160e-02 6.44446584e-02
1.03300000e+03 -4.99077563e-02 -5.49395474e-02 6.60099833e-02
1.03400000e+03 -5.09842598e-02 -5.60461788e-02 6.75753082e-02
1.03500000e+03 -5.20607633e-02 -5.71528102e-02 6.91406331e-02
1.03600000e+03 -5.31372667e-02 -5.82594417e-02 7.07059579e-02
1.03700000e+03 -5.42137702e-02 -5.93660731e-02 7.22712828e-02
1.03800000e+03 -5.52902737e-02 -6.04727045e-02 7.38366077e-02
1.03900000e+03 -5.63667771e-02 -6.15793359e-02 7.54019325e-02
1.04000000e+03 -5.74432806e-02 -6.26859673e-02 7.69672574e-02
1.04100000e+03 -5.71082635e-02 -6.23194949e-02 7.68540512e-02
1.04200000e+03 -5.67732464e-02 -6.19530225e-02 7.67408449e-02
1.04300000e+03 -5.64382293e-02 -6.15865501e-02 7.66276387e-02
1.04400000e+03 -5.61032122e-02 -6.12200777e-02 7.65144324e-02
1.04500000e+03 -5.57681950e-02 -6.08536053e-02 7.64012261e-02
1.04600000e+03 -5.54331779e-02 -6.04871329e-02 7.62880199e-02
1.04700000e+03 -5.50981608e-02 -6.01206605e-02 7.61748136e-02
1.04800000e+03 -5.47631437e-02 -5.97541881e-02 7.60616074e-02
1.04900000e+03 -5.44281266e-02 -5.93877157e-02 7.59484011e-02
1.05000000e+03 -5.40931095e-02 -5.90212433e-02 7.58351949e-02
1.05100000e+03 -5.37580924e-02 -5.86547709e-02 7.57219886e-02
1.05200000e+03 -5.34230753e-02 -5.82882985e-02 7.56087824e-02
1.05300000e+03 -5.30880582e-02 -5.79218261e-02 7.54955761e-02
1.05400000e+03 -5.27530411e-02 -5.75553537e-02 7.53823699e-02
1.05500000e+03 -5.24180240e-02 -5.71888812e-02 7.52691636e-02
1.05600000e+03 -5.20830069e-02 -5.68224088e-02 7.51559574e-02
1.05700000e+03 -5.17479898e-02 -5.64559364e-02 7.50427511e-02
1.05800000e+03 -5.14129726e-02 -5.60894640e-02 7.49295449e-02
1.05900000e+03 -5.10779555e-02 -5.57229916e-02 7.48163386e-02
1.06000000e+03 -5.07429384e-02 -5.53565192e-02 7.47031324e-02
1.06100000e+03 -4.89922308e-02 -5.36963974e-02 7.31177027e-02
1.06200000e+03 -4.72415232e-02 -5.20362757e-02 7.15322731e-02
1.06300000e+03 -4.54908156e-02 -5.03761539e-02 6.99468435e-02
1.06400000e+03 -4.37401080e-02 -4.87160321e-02 6.83614139e-02
1.06500000e+03 -4.19894004e-02 -4.70559103e-02 6.67759843e-02
1.06600000e+03 -4.02386928e-02 -4.53957885e-02 6.51905546e-02
1.06700000e+03 -3.84879852e-02 -4.37356668e-02 6.36051250e-02
1.06800000e+03 -3.67372776e-02 -4.20755450e-02 6.20196954e-02
1.06900000e+03 -3.49865700e-02 -4.04154232e-02 6.04342658e-02
1.07000000e+03 -3.32358624e-02 -3.87553014e-02 5.88488362e-02
1.07100000e+03 -3.14851548e-02 -3.70951796e-02 5.72634066e-02
1.07200000e+03 -2.97344472e-02 -3.54350579e-02 5.56779769e-02
1.07300000e+03 -2.79837396e-02 -3.37749361e-02 5.40925473e-02
1.07400000e+03 -2.62330319e-02 -3.21148143e-02 5.25071177e-02
1.07500000e+03 -2.44823243e-02 -3.04546925e-02 5.09216881e-02
1.07600000e+03 -2.27316167e-02 -2.87945707e-02 4.93362585e-02
1.07700000e+03 -2.09809091e-02 -2.71344490e-02 4.77508289e-02
1.07800000e+03 -1.92302015e-02 -2.54743272e-02 4.61653992e-02
1.07900000e+03 -1.74794939e-02 -2.38142054e-02 4.45799696e-02
1.08000000e+03 -1.57287863e-02 -2.21540836e-02 4.29945400e-02
1.08100000e+03 -1.34738268e-02 -1.98611445e-02 4.12168117e-02
1.08200000e+03 -1.12188673e-02 -1.75682055e-02 3.94390833e-02
1.08300000e+03 -8.96390784e-03 -1.52752664e-02 3.76613550e-02
1.08400000e+03 -6.70894835e-03 -1.29823273e-02 3.58836266e-02
1.08500000e+03 -4.45398887e-03 -1.06893882e-02 3.41058983e-02
1.08600000e+03 -2.19902938e-03 -8.39644914e-03 3.23281700e-02
1.08700000e+03 5.59301105e-05 -6.10351006e-03 3.05504416e-02
1.08800000e+03 2.31088960e-03 -3.81057098e-03 2.87727133e-02
1.08900000e+03 4.56584909e-03 -1.51763189e-03 2.69949849e-02
1.09000000e+03 6.82080857e-03 7.75307188e-04 2.52172566e-02
1.09100000e+03 9.07576806e-03 3.06824627e-03 2.34395282e-02
1.09200000e+03 1.13307276e-02 5.36118535e-03 2.16617999e-02
1.09300000e+03 1.35856870e-02 7.65412443e-03 1.98840716e-02
1.09400000e+03 1.58406465e-02 9.94706352e-03 1.81063432e-02
1.09500000e+03 1.80956060e-02 1.22400026e-02 1.63286149e-02
1.09600000e+03 2.03505655e-02 1.45329417e-02 1.45508865e-02
1.09700000e+03 2.26055250e-02 1.68258808e-02 1.27731582e-02
1.09800000e+03 2.48604845e-02 1.91188198e-02 1.09954298e-02
1.09900000e+03 2.71154440e-02 2.14117589e-02 9.21770149e-03
1.10000000e+03 2.93704035e-02 2.37046980e-02 7.43997315e-03
1.10100000e+03 3.08982257e-02 2.56060943e-02 6.41269017e-03
1.10200000e+03 3.24260480e-02 2.75074906e-02 5.38540719e-03
1.10300000e+03 3.39538702e-02 2.94088869e-02 4.35812422e-03
1.10400000e+03 3.54816925e-02 3.13102832e-02 3.33084124e-03
1.10500000e+03 3.70095147e-02 3.32116795e-02 2.30355826e-03
1.10600000e+03 3.85373370e-02 3.51130758e-02 1.27627528e-03
1.10700000e+03 4.00651593e-02 3.70144721e-02 2.48992307e-04
1.10800000e+03 4.15929815e-02 3.89158684e-02 -7.78290670e-04
1.10900000e+03 4.31208038e-02 4.08172647e-02 -1.80557365e-03
1.11000000e+03 4.46486260e-02 4.27186610e-02 -2.83285662e-03
1.11100000e+03 4.61764483e-02 4.46200573e-02 -3.86013960e-03
1.11200000e+03 4.77042706e-02 4.65214536e-02 -4.88742258e-03
1.11300000e+03 4.92320928e-02 4.84228499e-02 -5.91470556e-03
1.11400000e+03 5.07599151e-02 5.03242462e-02 -6.94198853e-03
1.11500000e+03 5.22877373e-02 5.22256425e-02 -7.96927151e-03
1.11600000e+03 5.38155596e-02 5.41270388e-02 -8.99655449e-03
1.11700000e+03 5.53433818e-02 5.60284351e-02 -1.00238375e-02
1.11800000e+03 5.68712041e-02 5.79298314e-02 -1.10511204e-02
1.11900000e+03 5.83990264e-02 5.98312277e-02 -1.20784034e-02
1.12000000e+03 5.99268486e-02 6.17326240e-02 -1.31056864e-02
1.12100000e+03 5.99979541e-02 6.22231988e-02 -1.33335540e-02
1.12200000e+03 6.00690596e-02 6.27137736e-02 -1.35614215e-02
1.12300000e+03 6.01401651e-02 6.32043484e-02 -1.37892891e-02
1.12400000e+03 6.02112706e-02 6.36949231e-02 -1.40171567e-02
1.12500000e+03 6.02823761e-02 6.41854979e-02 -1.42450243e-02
1.12600000e+03 6.03534816e-02 6.46760727e-02 -1.44728919e-02
1.12700000e+03 6.04245871e-02 6.51666474e-02 -1.47007594e-02
1.12800000e+03 6.04956926e-02 6.56572222e-02 -1.49286270e-02
1.12900000e+03 6.05667981e-02 6.61477970e-02 -1.51564946e-02
1.13000000e+03 6.06379036e-02 6.66383718e-02 -1.53843622e-02
1.13100000e+03 6.07090091e-02 6.71289465e-02 -1.56122297e-02
1.13200000e+03 6.07801146e-02 6.76195213e-02 -1.58400973e-02
1.13300000e+03 6.08512201e-02 6.81100961e-02 -1.60679649e-02
1.13400000e+03 6.09223256e-02 6.86006709e-02 -1.62958325e-02
1.13500000e+03 6.09934311e-02 6.90912456e-02 -1.65237000e-02
1.13600000e+03 6.10645366e-02 6.95818204e-02 -1.67515676e-02
1.13700000e+03 6.11356421e-02 7.00723952e-02 -1.69794352e-02
1.13800000e+03 6.12067476e-02 7.05629699e-02 -1.72073028e-02
1.13900000e+03 6.12778531e-02 7.10535447e-02 -1.74351704e-02
1.14000000e+03 6.13489586e-02 7.15441195e-02 -1.76630379e-02
1.14100000e+03 6.01181732e-02 7.03320692e-02 -1.74501002e-02
1.14200000e+03 5.88873878e-02 6.91200188e-02 -1.72371624e-02
1.14300000e+03 5.76566024e-02 6.79079685e-02 -1.70242247e-02
1.14400000e+03 5.64258170e-02 6.66959182e-02 -1.68112869e-02
1.14500000e+03 5.51950316e-02 6.54838679e-02 -1.65983492e-02
1.14600000e+03 5.39642462e-02 6.42718176e-02 -1.63854114e-02
1.14700000e+03 5.27334609e-02 6.30597672e-02 -1.61724737e-02
1.14800000e+03 5.15026755e-02 6.18477169e-02 -1.59595359e-02
1.14900000e+03 5.02718901e-02 6.06356666e-02 -1.57465982e-02
1.15000000e+03 4.90411047e-02 5.94236163e-02 -1.55336604e-02
1.15100000e+03 4.78103193e-02 5.82115659e-02 -1.53207227e-02
1.15200000e+03 4.65795339e-02 5.69995156e-02 -1.51077849e-02
1.15300000e+03 4.53487485e-02 5.57874653e-02 -1.48948472e-02
1.15400000e+03 4.41179631e-02 5.45754150e-02 -1.46819094e-02
1.15500000e+03 4.28871777e-02 5.33633647e-02 -1.44689717e-02
1.15600000e+03 4.16563923e-02 5.21513143e-02 -1.42560339e-02
1.15700000e+03 4.04256069e-02 5.09392640e-02 -1.40430962e-02
1.15800000e+03 3.91948215e-02 4.97272137e-02 -1.38301584e-02
1.15900000e+03 3.79640361e-02 4.85151634e-02 -1.36172207e-02
1.16000000e+03 3.67332508e-02 4.73031130e-02 -1.34042829e-02
1.16100000e+03 3.51921021e-02 4.53995808e-02 -1.30628442e-02
1.16200000e+03 3.36509535e-02 4.34960485e-02 -1.27214055e-02
1.16300000e+03 3.21098049e-02 4.15925163e-02 -1.23799669e-02
1.16400000e+03 3.05686563e-02 3.96889841e-02 -1.20385282e-02
1.16500000e+03 2.90275076e-02 3.77854518e-02 -1.16970895e-02
1.16600000e+03 2.74863590e-02 3.58819196e-02 -1.13556508e-02
1.16700000e+03 2.59452104e-02 3.39783873e-02 -1.10142121e-02
1.16800000e+03 2.44040617e-02 3.20748551e-02 -1.06727734e-02
1.16900000e+03 2.28629131e-02 3.01713228e-02 -1.03313347e-02
1.17000000e+03 2.13217645e-02 2.82677906e-02 -9.98989605e-03
1.17100000e+03 1.97806159e-02 2.63642583e-02 -9.64845737e-03
1.17200000e+03 1.82394672e-02 2.44607261e-02 -9.30701868e-03
1.17300000e+03 1.66983186e-02 2.25571938e-02 -8.96557999e-03
1.17400000e+03 1.51571700e-02 2.06536616e-02 -8.62414131e-03
1.17500000e+03 1.36160214e-02 1.87501293e-02 -8.28270262e-03
1.17600000e+03 1.20748727e-02 1.68465971e-02 -7.94126393e-03
1.17700000e+03 1.05337241e-02 1.49430648e-02 -7.59982525e-03
1.17800000e+03 8.99257550e-03 1.30395326e-02 -7.25838656e-03
1.17900000e+03 7.45142687e-03 1.11360003e-02 -6.91694787e-03
1.18000000e+03 5.91027825e-03 9.23246810e-03 -6.57550919e-03
1.18100000e+03 5.58231716e-03 8.78929292e-03 -6.46705602e-03
1.18200000e+03 5.25435608e-03 8.34611773e-03 -6.35860285e-03
1.18300000e+03 4.92639499e-03 7.90294255e-03 -6.25014968e-03
1.18400000e+03 4.59843391e-03 7.45976737e-03 -6.14169651e-03
1.18500000e+03 4.27047283e-03 7.01659219e-03 -6.03324335e-03
1.18600000e+03 3.94251174e-03 6.57341700e-03 -5.92479018e-03
1.18700000e+03 3.61455066e-03 6.13024182e-03 -5.81633701e-03
1.18800000e+03 3.28658957e-03 5.68706664e-03 -5.70788384e-03
1.18900000e+03 2.95862849e-03 5.24389146e-03 -5.59943067e-03
1.19000000e+03 2.63066741e-03 4.80071628e-03 -5.49097751e-03
1.19100000e+03 2.30270632e-03 4.35754109e-03 -5.38252434e-03
1.19200000e+03 1.97474524e-03 3.91436591e-03 -5.27407117e-03
1.19300000e+03 1.64678415e-03 3.47119073e-03 -5.16561800e-03
1.19400000e+03 1.31882307e-03 3.02801555e-03 -5.05716483e-03
1.19500000e+03 9.90861985e-04 2.58484036e-03 -4.94871167e-03
1.19600000e+03 6.62900901e-04 2.14166518e-03 -4.84025850e-03
1.19700000e+03 3.34939817e-04 1.69849000e-03 -4.73180533e-03
1.19800000e+03 6.97873350e-06 1.25531482e-03 -4.62335216e-03
1.19900000e+03 -3.20982350e-04 8.12139634e-04 -4.51489900e-03
1.20000000e+03 -6.48943434e-04 3.68964452e-04 -4.40644583e-03
1.20100000e+03 -6.40609946e-04 3.66089606e-04 -4.38094007e-03
1.20200000e+03 -6.32276457e-04 3.63214759e-04 -4.35543430e-03
1.20300000e+03 -6.23942969e-04 3.60339913e-04 -4.32992854e-03
1.20400000e+03 -6.15609480e-04 3.57465067e-04 -4.30442278e-03
1.20500000e+03 -6.07275992e-04 3.54590221e-04 -4.27891702e-03
1.20600000e+03 -5.98942503e-04 3.51715375e-04 -4.25341126e-03
1.20700000e+03 -5.90609015e-04 3.48840529e-04 -4.22790550e-03
1.20800000e+03 -5.82275526e-04 3.45965683e-04 -4.20239974e-03
1.20900000e+03 -5.73942038e-04 3.43090837e-04 -4.17689397e-03
1.21000000e+03 -5.65608549e-04 3.40215991e-04 -4.15138821e-03
1.21100000e+03 -5.57275061e-04 3.37341145e-04 -4.12588245e-03
1.21200000e+03 -5.48941572e-04 3.34466299e-04 -4.10037669e-03
1.21300000e+03 -5.40608084e-04 3.31591452e-04 -4.07487093e-03
1.21400000e+03 -5.32274595e-04 3.28716606e-04 -4.04936517e-03
1.21500000e+03 -5.23941107e-04 3.25841760e-04 -4.02385941e-03
1.21600000e+03 -5.15607618e-04 3.22966914e-04 -3.99835364e-03
1.21700000e+03 -5.07274130e-04 3.20092068e-04 -3.97284788e-03
1.21800000e+03 -4.98940641e-04 3.17217222e-04 -3.94734212e-03
1.21900000e+03 -4.90607153e-04 3.14342376e-04 -3.92183636e-03
1.22000000e+03 -4.82273664e-04 3.11467530e-04 -3.89633060e-03
1.22100000e+03 -4.75736249e-04 3.09065300e-04 -3.87506659e-03
1.22200000e+03 -4.69198834e-04 3.06663070e-04 -3.85380258e-03
1.22300000e+03 -4.62661419e-04 3.04260840e-04 -3.83253857e-03
1.22400000e+03 -4.56124004e-04 3.01858610e-04 -3.81127456e-03
1.22500000e+03 -4.49586589e-04 2.99456380e-04 -3.79001055e-03
1.22600000e+03 -4.43049173e-04 2.97054151e-04 -3.76874654e-03
1.22700000e+03 -4.36511758e-04 2.94651921e-04 -3.74748253e-03
1.22800000e+03 -4.29974343e-04 2.92249691e-04 -3.72621852e-03
1.22900000e+03 -4.23436928e-04 2.89847461e-04 -3.70495450e-03
1.23000000e+03 -4.16899513e-04 2.87445231e-04 -3.68369049e-03
1.23100000e+03 -4.10362098e-04 2.85043001e-04 -3.66242648e-03
1.23200000e+03 -4.03824682e-04 2.82640771e-04 -3.64116247e-03
1.23300000e+03 -3.97287267e-04 2.80238542e-04 -3.61989846e-03
1.23400000e+03 -3.90749852e-04 2.77836312e-04 -3.59863445e-03
1.23500000e+03 -3.84212437e-04 2.75434082e-04 -3.57737044e-03
1.23600000e+03 -3.77675022e-04 2.73031852e-04 -3.55610643e-03
1.23700000e+03 -3.71137607e-04 2.70629622e-04 -3.53484242e-03
1.23800000e+03 -3.64600191e-04 2.68227392e-04 -3.51357841e-03
1.23900000e+03 -3.58062776e-04 2.65825162e-04 -3.49231440e-03
1.24000000e+03 -3.51525361e-04 2.63422933e-04 -3.47105039e-03
1.24100000e+03 -3.46398735e-04 2.61420101e-04 -3.45326055e-03
1.24200000e+03 -3.41272110e-04 2.59417270e-04 -3.43547071e-03
1.24300000e+03 -3.36145484e-04 2.57414438e-04 -3.41768087e-03
1.24400000e+03 -3.31018859e-04 2.55411607e-04 -3.39989103e-03
1.24500000e+03 -3.25892233e-04 2.53408775e-04 -3.38210119e-03
1.24600000e+03 -3.20765607e-04 2.51405944e-04 -3.36431135e-03
1.24700000e+03 -3.15638982e-04 2.49403113e-04 -3.34652151e-03
1.24800000e+03 -3.10512356e-04 2.47400281e-04 -3.32873167e-03
1.24900000e+03 -3.05385731e-04 2.45397450e-04 -3.31094184e-03
1.25000000e+03 -3.00259105e-04 2.43394618e-04 -3.29315200e-03
1.25100000e+03 -2.95132479e-04 2.41391787e-04 -3.27536216e-03
1.25200000e+03 -2.90005854e-04 2.39388955e-04 -3.25757232e-03
1.25300000e+03 -2.84879228e-04 2.37386124e-04 -3.23978248e-03
1.25400000e+03 -2.79752603e-04 2.35383293e-04 -3.22199264e-03
1.25500000e+03 -2.74625977e-04 2.33380461e-04 -3.20420280e-03
1.25600000e+03 -2.69499351e-04 2.31377630e-04 -3.18641296e-03
1.25700000e+03 -2.64372726e-04 2.29374798e-04 -3.16862312e-03
1.25800000e+03 -2.59246100e-04 2.27371967e-04 -3.15083328e-03
1.25900000e+03 -2.54119475e-04 2.25369135e-04 -3.13304344e-03
1.26000000e+03 -2.48992849e-04 2.23366304e-04 -3.11525360e-03
1.26100000e+03 -2.44978149e-04 2.21697267e-04 -3.10030597e-03
1.26200000e+03 -2.40963448e-04 2.20028230e-04 -3.08535834e-03
1.26300000e+03 -2.36948748e-04 2.18359193e-04 -3.07041070e-03
1.26400000e+03 -2.32934047e-04 2.16690156e-04 -3.05546307e-03
1.26500000e+03 -2.28919347e-04 2.15021118e-04 -3.04051544e-03
1.26600000e+03 -2.24904647e-04 2.13352081e-04 -3.02556780e-03
1.26700000e+03 -2.20889946e-04 2.11683044e-04 -3.01062017e-03
1.26800000e+03 -2.16875246e-04 2.10014007e-04 -2.99567254e-03
1.26900000e+03 -2.12860545e-04 2.08344970e-04 -2.98072490e-03
1.27000000e+03 -2.08845845e-04 2.06675933e-04 -2.96577727e-03
1.27100000e+03 -2.04831145e-04 2.05006896e-04 -2.95082964e-03
1.27200000e+03 -2.00816444e-04 2.03337859e-04 -2.93588200e-03
1.27300000e+03 -1.96801744e-04 2.01668822e-04 -2.92093437e-03
1.27400000e+03 -1.92787044e-04 1.99999785e-04 -2.90598674e-03
1.27500000e+03 -1.88772343e-04 1.98330747e-04 -2.89103910e-03
1.27600000e+03 -1.84757643e-04 1.96661710e-04 -2.87609147e-03
1.27700000e+03 -1.80742942e-04 1.94992673e-04 -2.86114384e-03
1.27800000e+03 -1.76728242e-04 1.93323636e-04 -2.84619620e-03
1.27900000e+03 -1.72713542e-04 1.91654599e-04 -2.83124857e-03
1.28000000e+03 -1.68698841e-04 1.89985562e-04 -2.81630094e-03
1.28100000e+03 -1.65562744e-04 1.88593497e-04 -2.80367749e-03
1.28200000e+03 -1.62426646e-04 1.87201432e-04 -2.79105404e-03
1.28300000e+03 -1.59290549e-04 1.85809367e-04 -2.77843059e-03
1.28400000e+03 -1.56154452e-04 1.84417302e-04 -2.76580714e-03
1.28500000e+03 -1.53018354e-04 1.83025237e-04 -2.75318369e-03
1.28600000e+03 -1.49882257e-04 1.81633172e-04 -2.74056024e-03
1.28700000e+03 -1.46746160e-04 1.80241108e-04 -2.72793679e-03
1.28800000e+03 -1.43610062e-04 1.78849043e-04 -2.71531334e-03
1.28900000e+03 -1.40473965e-04 1.77456978e-04 -2.70268989e-03
1.29000000e+03 -1.37337867e-04 1.76064913e-04 -2.69006644e-03
1.29100000e+03 -1.34201770e-04 1.74672848e-04 -2.67744300e-03
1.29200000e+03 -1.31065673e-04 1.73280783e-04 -2.66481955e-03
1.29300000e+03 -1.27929575e-04 1.71888718e-04 -2.65219610e-03
1.29400000e+03 -1.24793478e-04 1.70496653e-04 -2.63957265e-03
1.29500000e+03 -1.21657380e-04 1.69104588e-04 -2.62694920e-03
1.29600000e+03 -1.18521283e-04 1.67712524e-04 -2.61432575e-03
1.29700000e+03 -1.15385186e-04 1.66320459e-04 -2.60170230e-03
1.29800000e+03 -1.12249088e-04 1.64928394e-04 -2.58907885e-03
1.29900000e+03 -1.09112991e-04 1.63536329e-04 -2.57645540e-03
1.30000000e+03 -1.05976894e-04 1.62144264e-04 -2.56383195e-03
1.30100000e+03 -1.03536283e-04 1.60981005e-04 -2.55310949e-03
1.30200000e+03 -1.01095673e-04 1.59817746e-04 -2.54238703e-03
1.30300000e+03 -9.86550629e-05 1.58654488e-04 -2.53166457e-03
1.30400000e+03 -9.62144527e-05 1.57491229e-04 -2.52094211e-03
1.30500000e+03 -9.37738424e-05 1.56327970e-04 -2.51021964e-03
1.30600000e+03 -9.13332322e-05 1.55164712e-04 -2.49949718e-03
1.30700000e+03 -8.88926219e-05 1.54001453e-04 -2.48877472e-03
1.30800000e+03 -8.64520117e-05 1.52838194e-04 -2.47805226e-03
1.30900000e+03 -8.40114015e-05 1.51674935e-04 -2.46732980e-03
1.31000000e+03 -8.15707912e-05 1.50511677e-04 -2.45660734e-03
1.31100000e+03 -7.91301810e-05 1.49348418e-04 -2.44588487e-03
1.31200000e+03 -7.66895708e-05 1.48185159e-04 -2.43516241e-03
1.31300000e+03 -7.42489605e-05 1.47021900e-04 -2.42443995e-03
1.31400000e+03 -7.18083503e-05 1.45858642e-04 -2.41371749e-03
1.31500000e+03 -6.93677400e-05 1.44695383e-04 -2.40299503e-03
1.31600000e+03 -6.69271298e-05 1.43532124e-04 -2.39227257e-03
1.31700000e+03 -6.44865196e-05 1.42368865e-04 -2.38155010e-03
1.31800000e+03 -6.20459093e-05 1.41205607e-04 -2.37082764e-03
1.31900000e+03 -5.96052991e-05 1.40042348e-04 -2.36010518e-03
1.32000000e+03 -5.71646889e-05 1.38879089e-04 -2.34938272e-03
1.32100000e+03 -5.52752391e-05 1.37904385e-04 -2.34021638e-03
1.32200000e+03 -5.33857893e-05 1.36929681e-04 -2.33105005e-03
1.32300000e+03 -5.14963396e-05 1.35954976e-04 -2.32188372e-03
1.32400000e+03 -4.96068898e-05 1.34980272e-04 -2.31271739e-03
1.32500000e+03 -4.77174401e-05 1.34005568e-04 -2.30355105e-03
1.32600000e+03 -4.58279903e-05 1.33030863e-04 -2.29438472e-03
1.32700000e+03 -4.39385406e-05 1.32056159e-04 -2.28521839e-03
1.32800000e+03 -4.20490908e-05 1.31081455e-04 -2.27605205e-03
1.32900000e+03 -4.01596410e-05 1.30106750e-04 -2.26688572e-03
1.33000000e+03 -3.82701913e-05 1.29132046e-04 -2.25771939e-03
1.33100000e+03 -3.63807415e-05 1.28157342e-04 -2.24855305e-03
1.33200000e+03 -3.44912918e-05 1.27182638e-04 -2.23938672e-03
1.33300000e+03 -3.26018420e-05 1.26207933e-04 -2.23022039e-03
1.33400000e+03 -3.07123923e-05 1.25233229e-04 -2.22105405e-03
1.33500000e+03 -2.88229425e-05 1.24258525e-04 -2.21188772e-03
1.33600000e+03 -2.69334927e-05 1.23283820e-04 -2.20272139e-03
1.33700000e+03 -2.50440430e-05 1.22309116e-04 -2.19355506e-03
1.33800000e+03 -2.31545932e-05 1.21334412e-04 -2.18438872e-03
1.33900000e+03 -2.12651435e-05 1.20359707e-04 -2.17522239e-03
1.34000000e+03 -1.93756937e-05 1.19385003e-04 -2.16605606e-03
1.34100000e+03 9.55949122e-04 1.19434357e-03 -2.00748922e-03
1.34200000e+03 1.93127394e-03 2.26930214e-03 -1.84892239e-03
1.34300000e+03 2.90659875e-03 3.34426071e-03 -1.69035555e-03
1.34400000e+03 3.88192357e-03 4.41921928e-03 -1.53178872e-03
1.34500000e+03 4.85724839e-03 5.49417785e-03 -1.37322188e-03
1.34600000e+03 5.83257320e-03 6.56913642e-03 -1.21465505e-03
1.34700000e+03 6.80789802e-03 7.64409499e-03 -1.05608821e-03
1.34800000e+03 7.78322283e-03 8.71905356e-03 -8.97521376e-04
1.34900000e+03 8.75854765e-03 9.79401213e-03 -7.38954541e-04
1.35000000e+03 9.73387247e-03 1.08689707e-02 -5.80387706e-04
1.35100000e+03 1.07091973e-02 1.19439293e-02 -4.21820871e-04
1.35200000e+03 1.16845221e-02 1.30188878e-02 -2.63254036e-04
1.35300000e+03 1.26598469e-02 1.40938464e-02 -1.04687201e-04
1.35400000e+03 1.36351717e-02 1.51688050e-02 5.38796339e-05
1.35500000e+03 1.46104965e-02 1.62437635e-02 2.12446469e-04
1.35600000e+03 1.55858214e-02 1.73187221e-02 3.71013304e-04
1.35700000e+03 1.65611462e-02 1.83936807e-02 5.29580139e-04
1.35800000e+03 1.75364710e-02 1.94686392e-02 6.88146974e-04
1.35900000e+03 1.85117958e-02 2.05435978e-02 8.46713809e-04
1.36000000e+03 1.94871206e-02 2.16185564e-02 1.00528064e-03
1.36100000e+03 2.09844316e-02 2.31726054e-02 1.11779332e-03
1.36200000e+03 2.24817426e-02 2.47266543e-02 1.23030599e-03
1.36300000e+03 2.39790535e-02 2.62807033e-02 1.34281866e-03
1.36400000e+03 2.54763645e-02 2.78347523e-02 1.45533134e-03
1.36500000e+03 2.69736755e-02 2.93888012e-02 1.56784401e-03
1.36600000e+03 2.84709864e-02 3.09428502e-02 1.68035668e-03
1.36700000e+03 2.99682974e-02 3.24968992e-02 1.79286936e-03
1.36800000e+03 3.14656084e-02 3.40509481e-02 1.90538203e-03
1.36900000e+03 3.29629193e-02 3.56049971e-02 2.01789470e-03
1.37000000e+03 3.44602303e-02 3.71590461e-02 2.13040738e-03
1.37100000e+03 3.59575413e-02 3.87130950e-02 2.24292005e-03
1.37200000e+03 3.74548522e-02 4.02671440e-02 2.35543272e-03
1.37300000e+03 3.89521632e-02 4.18211930e-02 2.46794540e-03
1.37400000e+03 4.04494742e-02 4.33752419e-02 2.58045807e-03
1.37500000e+03 4.19467852e-02 4.49292909e-02 2.69297074e-03
1.37600000e+03 4.34440961e-02 4.64833399e-02 2.80548342e-03
1.37700000e+03 4.49414071e-02 4.80373888e-02 2.91799609e-03
1.37800000e+03 4.64387181e-02 4.95914378e-02 3.03050876e-03
1.37900000e+03 4.79360290e-02 5.11454868e-02 3.14302144e-03
1.38000000e+03 4.94333400e-02 5.26995357e-02 3.25553411e-03
1.38100000e+03 5.01261960e-02 5.32829936e-02 3.04655947e-03
1.38200000e+03 5.08190520e-02 5.38664514e-02 2.83758483e-03
1.38300000e+03 5.15119079e-02 5.44499092e-02 2.62861019e-03
1.38400000e+03 5.22047639e-02 5.50333670e-02 2.41963555e-03
1.38500000e+03 5.28976199e-02 5.56168248e-02 2.21066091e-03
1.38600000e+03 5.35904759e-02 5.62002827e-02 2.00168627e-03
1.38700000e+03 5.42833319e-02 5.67837405e-02 1.79271163e-03
1.38800000e+03 5.49761879e-02 5.73671983e-02 1.58373699e-03
1.38900000e+03 5.56690438e-02 5.79506561e-02 1.37476234e-03
1.39000000e+03 5.63618998e-02 5.85341139e-02 1.16578770e-03
1.39100000e+03 5.70547558e-02 5.91175717e-02 9.56813063e-04
1.39200000e+03 5.77476118e-02 5.97010296e-02 7.47838423e-04
1.39300000e+03 5.84404678e-02 6.02844874e-02 5.38863782e-04
1.39400000e+03 5.91333238e-02 6.08679452e-02 3.29889142e-04
1.39500000e+03 5.98261797e-02 6.14514030e-02 1.20914501e-04
1.39600000e+03 6.05190357e-02 6.20348608e-02 -8.80601397e-05
1.39700000e+03 6.12118917e-02 6.26183187e-02 -2.97034780e-04
1.39800000e+03 6.19047477e-02 6.32017765e-02 -5.06009421e-04
1.39900000e+03 6.25976037e-02 6.37852343e-02 -7.14984062e-04
1.40000000e+03 6.32904597e-02 6.43686921e-02 -9.23958702e-04
1.40100000e+03 6.28496607e-02 6.37001602e-02 -1.39745220e-03
1.40200000e+03 6.24088618e-02 6.30316283e-02 -1.87094569e-03
1.40300000e+03 6.19680629e-02 6.23630964e-02 -2.34443919e-03
1.40400000e+03 6.15272640e-02 6.16945645e-02 -2.81793268e-03
1.40500000e+03 6.10864651e-02 6.10260326e-02 -3.29142618e-03
1.40600000e+03 6.06456662e-02 6.03575007e-02 -3.76491967e-03
1.40700000e+03 6.02048673e-02 5.96889689e-02 -4.23841317e-03
1.40800000e+03 5.97640683e-02 5.90204370e-02 -4.71190666e-03
1.40900000e+03 5.93232694e-02 5.83519051e-02 -5.18540016e-03
1.41000000e+03 5.88824705e-02 5.76833732e-02 -5.65889365e-03
1.41100000e+03 5.84416716e-02 5.70148413e-02 -6.13238715e-03
1.41200000e+03 5.80008727e-02 5.63463094e-02 -6.60588064e-03
1.41300000e+03 5.75600738e-02 5.56777775e-02 -7.07937414e-03
1.41400000e+03 5.71192749e-02 5.50092456e-02 -7.55286763e-03
1.41500000e+03 5.66784759e-02 5.43407137e-02 -8.02636113e-03
1.41600000e+03 5.62376770e-02 5.36721818e-02 -8.49985462e-03
1.41700000e+03 5.57968781e-02 5.30036499e-02 -8.97334812e-03
1.41800000e+03 5.53560792e-02 5.23351180e-02 -9.44684161e-03
1.41900000e+03 5.49152803e-02 5.16665861e-02 -9.92033511e-03
1.42000000e+03 5.44744814e-02 5.09980542e-02 -1.03938286e-02
1.42100000e+03 5.31351232e-02 4.93666458e-02 -1.10149155e-02
1.42200000e+03 5.17957650e-02 4.77352374e-02 -1.16360024e-02
1.42300000e+03 5.04564068e-02 4.61038290e-02 -1.22570894e-02
1.42400000e+03 4.91170486e-02 4.44724205e-02 -1.28781763e-02
1.42500000e+03 4.77776904e-02 4.28410121e-02 -1.34992632e-02
1.42600000e+03 4.64383322e-02 4.12096037e-02 -1.41203501e-02
1.42700000e+03 4.50989740e-02 3.95781953e-02 -1.47414370e-02
1.42800000e+03 4.37596158e-02 3.79467868e-02 -1.53625240e-02
1.42900000e+03 4.24202576e-02 3.63153784e-02 -1.59836109e-02
1.43000000e+03 4.10808994e-02 3.46839700e-02 -1.66046978e-02
1.43100000e+03 3.97415412e-02 3.30525616e-02 -1.72257847e-02
1.43200000e+03 3.84021831e-02 3.14211532e-02 -1.78468716e-02
1.43300000e+03 3.70628249e-02 2.97897447e-02 -1.84679586e-02
1.43400000e+03 3.57234667e-02 2.81583363e-02 -1.90890455e-02
1.43500000e+03 3.43841085e-02 2.65269279e-02 -1.97101324e-02
1.43600000e+03 3.30447503e-02 2.48955195e-02 -2.03312193e-02
1.43700000e+03 3.17053921e-02 2.32641110e-02 -2.09523062e-02
1.43800000e+03 3.03660339e-02 2.16327026e-02 -2.15733932e-02
1.43900000e+03 2.90266757e-02 2.00012942e-02 -2.21944801e-02
1.44000000e+03 2.76873175e-02 1.83698858e-02 -2.28155670e-02
1.44100000e+03 2.59409830e-02 1.63644181e-02 -2.35661015e-02
1.44200000e+03 2.41946485e-02 1.43589504e-02 -2.43166359e-02
1.44300000e+03 2.24483141e-02 1.23534828e-02 -2.50671704e-02
1.44400000e+03 2.07019796e-02 1.03480151e-02 -2.58177048e-02
1.44500000e+03 1.89556451e-02 8.34254746e-03 -2.65682393e-02
1.44600000e+03 1.72093106e-02 6.33707980e-03 -2.73187737e-02
1.44700000e+03 1.54629761e-02 4.33161214e-03 -2.80693082e-02
1.44800000e+03 1.37166416e-02 2.32614448e-03 -2.88198426e-02
1.44900000e+03 1.19703072e-02 3.20676813e-04 -2.95703771e-02
1.45000000e+03 1.02239727e-02 -1.68479085e-03 -3.03209116e-02
1.45100000e+03 8.47763819e-03 -3.69025851e-03 -3.10714460e-02
1.45200000e+03 6.73130370e-03 -5.69572617e-03 -3.18219805e-02
1.45300000e+03 4.98496922e-03 -7.70119383e-03 -3.25725149e-02
1.45400000e+03 3.23863474e-03 -9.70666150e-03 -3.33230494e-02
1.45500000e+03 1.49230025e-03 -1.17121292e-02 -3.40735838e-02
1.45600000e+03 -2.54034232e-04 -1.37175968e-02 -3.48241183e-02
1.45700000e+03 -2.00036872e-03 -1.57230645e-02 -3.55746527e-02
1.45800000e+03 -3.74670320e-03 -1.77285321e-02 -3.63251872e-02
1.45900000e+03 -5.49303768e-03 -1.97339998e-02 -3.70757217e-02
1.46000000e+03 -7.23937217e-03 -2.17394675e-02 -3.78262561e-02
1.46100000e+03 -8.64922892e-03 -2.32645459e-02 -3.84865978e-02
1.46200000e+03 -1.00590857e-02 -2.47896244e-02 -3.91469395e-02
1.46300000e+03 -1.14689424e-02 -2.63147029e-02 -3.98072812e-02
1.46400000e+03 -1.28787992e-02 -2.78397814e-02 -4.04676228e-02
1.46500000e+03 -1.42886559e-02 -2.93648599e-02 -4.11279645e-02
1.46600000e+03 -1.56985127e-02 -3.08899384e-02 -4.17883062e-02
1.46700000e+03 -1.71083695e-02 -3.24150168e-02 -4.24486479e-02
1.46800000e+03 -1.85182262e-02 -3.39400953e-02 -4.31089896e-02
1.46900000e+03 -1.99280830e-02 -3.54651738e-02 -4.37693313e-02
1.47000000e+03 -2.13379397e-02 -3.69902523e-02 -4.44296729e-02
1.47100000e+03 -2.27477965e-02 -3.85153308e-02 -4.50900146e-02
1.47200000e+03 -2.41576532e-02 -4.00404093e-02 -4.57503563e-02
1.47300000e+03 -2.55675100e-02 -4.15654877e-02 -4.64106980e-02
1.47400000e+03 -2.69773667e-02 -4.30905662e-02 -4.70710397e-02
1.47500000e+03 -2.83872235e-02 -4.46156447e-02 -4.77313814e-02
1.47600000e+03 -2.97970802e-02 -4.61407232e-02 -4.83917230e-02
1.47700000e+03 -3.12069370e-02 -4.76658017e-02 -4.90520647e-02
1.47800000e+03 -3.26167938e-02 -4.91908802e-02 -4.97124064e-02
1.47900000e+03 -3.40266505e-02 -5.07159586e-02 -5.03727481e-02
1.48000000e+03 -3.54365073e-02 -5.22410371e-02 -5.10330898e-02
1.48100000e+03 -3.56613046e-02 -5.23555809e-02 -5.08870018e-02
1.48200000e+03 -3.58861020e-02 -5.24701246e-02 -5.07409138e-02
1.48300000e+03 -3.61108994e-02 -5.25846684e-02 -5.05948258e-02
1.48400000e+03 -3.63356968e-02 -5.26992121e-02 -5.04487378e-02
1.48500000e+03 -3.65604942e-02 -5.28137559e-02 -5.03026498e-02
1.48600000e+03 -3.67852915e-02 -5.29282997e-02 -5.01565618e-02
1.48700000e+03 -3.70100889e-02 -5.30428434e-02 -5.00104738e-02
1.48800000e+03 -3.72348863e-02 -5.31573872e-02 -4.98643858e-02
1.48900000e+03 -3.74596837e-02 -5.32719309e-02 -4.97182979e-02
1.49000000e+03 -3.76844811e-02 -5.33864747e-02 -4.95722099e-02
1.49100000e+03 -3.79092784e-02 -5.35010185e-02 -4.94261219e-02
1.49200000e+03 -3.81340758e-02 -5.36155622e-02 -4.92800339e-02
1.49300000e+03 -3.83588732e-02 -5.37301060e-02 -4.91339459e-02
1.49400000e+03 -3.85836706e-02 -5.38446497e-02 -4.89878579e-02
1.49500000e+03 -3.88084679e-02 -5.39591935e-02 -4.88417699e-02
1.49600000e+03 -3.90332653e-02 -5.40737372e-02 -4.86956819e-02
1.49700000e+03 -3.92580627e-02 -5.41882810e-02 -4.85495939e-02
1.49800000e+03 -3.94828601e-02 -5.43028248e-02 -4.84035059e-02
1.49900000e+03 -3.97076575e-02 -5.44173685e-02 -4.82574179e-02
