0.00000000e+00 3.94789061e-17 3.86828917e-04 2.62726869e-01
1.00000000e+00 3.94789061e-17 3.86828917e-04 2.62726869e-01
2.00000000e+00 3.94789061e-17 3.86828917e-04 2.62726869e-01
3.00000000e+00 3.94789061e-17 3.86828917e-04 2.62726869e-01
4.00000000e+00 3.94789061e-17 3.86828917e-04 2.62726869e-01
5.00000000e+00 3.94789061e-17 3.86828917e-04 2.62726869e-01
6.00000000e+00 3.94789061e-17 3.86828917e-04 2.62726869e-01
7.00000000e+00 3.94789061e-17 3.86828917e-04 2.62726869e-01
8.00000000e+00 3.94789061e-17 3.86828917e-04 2.62726869e-01
9.00000000e+00 3.94789061e-17 3.86828917e-04 2.62726869e-01
1.00000000e+01 3.94789061e-17 3.86828917e-04 2.62726869e-01
1.10000000e+01 3.94789061e-17 3.86828917e-04 2.62726869e-01
1.20000000e+01 3.94789061e-17 3.86828917e-04 2.62726869e-01
1.30000000e+01 3.94789061e-17 3.86828917e-04 2.62726869e-01
1.40000000e+01 3.94789061e-17 3.86828917e-04 2.62726869e-01
1.50000000e+01 3.94789061e-17 3.86828917e-04 2.62726869e-01
1.60000000e+01 3.94789061e-17 3.86828917e-04 2.62726869e-01
1.70000000e+01 3.94789061e-17 3.86828917e-04 2.62726869e-01
1.80000000e+01 3.94789061e-17 3.86828917e-04 2.62726869e-01
1.90000000e+01 3.94789061e-17 3.86828917e-04 2.62726869e-01
2.00000000e+01 3.94789061e-17 3.86828917e-04 2.62726869e-01
2.10000000e+01 3.91344149e-17 3.86828917e-04 2.62726869e-01
2.20000000e+01 3.87899236e-17 3.86828917e-04 2.62726869e-01
2.30000000e+01 3.84454324e-17 3.86828916e-04 2.62726869e-01
2.40000000e+01 3.81009411e-17 3.86828916e-04 2.62726869e-01
2.50000000e+01 3.77564499e-17 3.86828916e-04 2.62726869e-01
2.60000000e+01 3.74119586e-17 3.86828916e-04 2.62726869e-01
2.70000000e+01 3.70674673e-17 3.86828915e-04 2.62726869e-01
2.80000000e+01 3.67229761e-17 3.86828915e-04 2.62726869e-01
2.90000000e+01 3.63784848e-17 3.86828915e-04 2.62726869e-01
3.00000000e+01 3.60339936e-17 3.86828915e-04 2.62726869e-01
3.10000000e+01 3.56895023e-17 3.86828915e-04 2.62726869e-01
3.20000000e+01 3.53450111e-17 3.86828914e-04 2.62726869e-01
3.30000000e+01 3.50005198e-17 3.86828914e-04 2.62726869e-01
3.40000000e+01 3.46560285e-17 3.86828914e-04 2.62726869e-01
3.50000000e+01 3.43115373e-17 3.86828914e-04 2.62726869e-01
3.60000000e+01 3.39670460e-17 3.86828914e-04 2.62726869e-01
3.70000000e+01 3.36225548e-17 3.86828913e-04 2.62726869e-01
3.80000000e+01 3.32780635e-17 3.86828913e-04 2.62726869e-01
3.90000000e+01 3.29335723e-17 3.86828913e-04 2.62726869e-01
4.00000000e+01 3.25890810e-17 3.86828913e-04 2.62726869e-01
4.10000000e+01 3.18615553e-17 3.86828913e-04 2.62726869e-01
4.20000000e+01 3.11340295e-17 3.86828912e-04 2.62726869e-01
4.30000000e+01 3.04065038e-17 3.86828912e-04 2.62726869e-01
4.40000000e+01 2.96789781e-17 3.86828912e-04 2.62726869e-01
4.50000000e+01 2.89514524e-17 3.86828912e-04 2.62726869e-01
4.60000000e+01 2.82239266e-17 3.86828912e-04 2.62726869e-01
4.70000000e+01 2.74964009e-17 3.86828912e-04 2.62726869e-01
4.80000000e+01 2.67688752e-17 3.86828911e-04 2.62726869e-01
4.90000000e+01 2.60413494e-17 3.86828911e-04 2.62726869e-01
5.00000000e+01 2.53138237e-17 3.86828911e-04 2.62726869e-01
5.10000000e+01 2.45862980e-17 3.86828911e-04 2.62726869e-01
5.20000000e+01 2.38587723e-17 3.86828911e-04 2.62726869e-01
5.30000000e+01 2.31312465e-17 3.86828911e-04 2.62726869e-01
5.40000000e+01 2.24037208e-17 3.86828910e-04 2.62726869e-01
5.50000000e+01 2.16761951e-17 3.86828910e-04 2.62726869e-01
5.60000000e+01 2.09486693e-17 3.86828910e-04 2.62726869e-01
5.70000000e+01 2.02211436e-17 3.86828910e-04 2.62726869e-01
5.80000000e+01 1.94936179e-17 3.86828910e-04 2.62726869e-01
5.90000000e+01 1.87660921e-17 3.86828910e-04 2.62726869e-01
6.00000000e+01 1.80385664e-17 3.86828909e-04 2.62726869e-01
6.10000000e+01 1.80911576e-17 3.86828909e-04 2.62726869e-01
6.20000000e+01 1.81437489e-17 3.86828909e-04 2.62726869e-01
6.30000000e+01 1.81963401e-17 3.86828909e-04 2.62726869e-01
6.40000000e+01 1.82489313e-17 3.86828909e-04 2.62726869e-01
6.50000000e+01 1.83015226e-17 3.86828909e-04 2.62726869e-01
6.60000000e+01 1.83541138e-17 3.86828909e-04 2.62726869e-01
6.70000000e+01 1.84067050e-17 3.86828908e-04 2.62726869e-01
6.80000000e+01 1.84592962e-17 3.86828908e-04 2.62726869e-01
6.90000000e+01 1.85118875e-17 3.86828908e-04 2.62726869e-01
7.00000000e+01 1.85644787e-17 3.86828908e-04 2.62726869e-01
7.10000000e+01 1.86170699e-17 3.86828908e-04 2.62726869e-01
7.20000000e+01 1.86696611e-17 3.86828908e-04 2.62726869e-01
7.30000000e+01 1.87222524e-17 3.86828908e-04 2.62726869e-01
7.40000000e+01 1.87748436e-17 3.86828908e-04 2.62726869e-01
7.50000000e+01 1.88274348e-17 3.86828907e-04 2.62726869e-01
7.60000000e+01 1.88800261e-17 3.86828907e-04 2.62726869e-01
7.70000000e+01 1.89326173e-17 3.86828907e-04 2.62726869e-01
7.80000000e+01 1.89852085e-17 3.86828907e-04 2.62726869e-01
7.90000000e+01 1.90377997e-17 3.86828907e-04 2.62726869e-01
8.00000000e+01 1.90903910e-17 3.86828907e-04 2.62726869e-01
8.10000000e+01 1.88653772e-17 3.86828907e-04 2.62726869e-01
8.20000000e+01 1.86403634e-17 3.86828907e-04 2.62726869e-01
8.30000000e+01 1.84153495e-17 3.86828906e-04 2.62726869e-01
8.40000000e+01 1.81903357e-17 3.86828906e-04 2.62726869e-01
8.50000000e+01 1.79653219e-17 3.86828906e-04 2.62726868e-01
8.60000000e+01 1.77403081e-17 3.86828906e-04 2.62726868e-01
8.70000000e+01 1.75152943e-17 3.86828906e-04 2.62726868e-01
8.80000000e+01 1.72902805e-17 3.86828906e-04 2.62726868e-01
8.90000000e+01 1.70652667e-17 3.86828906e-04 2.62726868e-01
9.00000000e+01 1.68402529e-17 3.86828906e-04 2.62726868e-01
9.10000000e+01 1.66152391e-17 3.86828906e-04 2.62726868e-01
9.20000000e+01 1.63902253e-17 3.86828905e-04 2.62726868e-01
9.30000000e+01 1.61652115e-17 3.86828905e-04 2.62726868e-01
9.40000000e+01 1.59401977e-17 3.86828905e-04 2.62726868e-01
9.50000000e+01 1.57151839e-17 3.86828905e-04 2.62726868e-01
9.60000000e+01 1.54901701e-17 3.86828905e-04 2.62726868e-01
9.70000000e+01 1.52651562e-17 3.86828905e-04 2.62726868e-01
9.80000000e+01 1.50401424e-17 3.86828905e-04 2.62726868e-01
9.90000000e+01 1.48151286e-17 3.86828905e-04 2.62726868e-01
1.00000000e+02 1.45901148e-17 3.86828905e-04 2.62726868e-01
1.01000000e+02 1.47946217e-17 3.86828905e-04 2.62726868e-01
1.02000000e+02 1.49991286e-17 3.86828904e-04 2.62726868e-01
1.03000000e+02 1.52036355e-17 3.86828904e-04 2.62726868e-01
1.04000000e+02 1.54081424e-17 3.86828904e-04 2.62726868e-01
1.05000000e+02 1.56126493e-17 3.86828904e-04 2.62726868e-01
1.06000000e+02 1.58171562e-17 3.86828904e-04 2.62726868e-01
1.07000000e+02 1.60216631e-17 3.86828904e-04 2.62726868e-01
1.08000000e+02 1.62261699e-17 3.86828904e-04 2.62726868e-01
1.09000000e+02 1.64306768e-17 3.86828904e-04 2.62726868e-01
1.10000000e+02 1.66351837e-17 3.86828904e-04 2.62726868e-01
1.11000000e+02 1.68396906e-17 3.86828904e-04 2.62726868e-01
1.12000000e+02 1.70441975e-17 3.86828904e-04 2.62726868e-01
1.13000000e+02 1.72487044e-17 3.86828903e-04 2.62726868e-01
1.14000000e+02 1.74532113e-17 3.86828903e-04 2.62726868e-01
1.15000000e+02 1.76577182e-17 3.86828903e-04 2.62726868e-01
1.16000000e+02 1.78622251e-17 3.86828903e-04 2.62726868e-01
1.17000000e+02 1.80667319e-17 3.86828903e-04 2.62726868e-01
1.18000000e+02 1.82712388e-17 3.86828903e-04 2.62726868e-01
1.19000000e+02 1.84757457e-17 3.86828903e-04 2.62726868e-01
1.20000000e+02 1.86802526e-17 3.86828903e-04 2.62726868e-01
1.21000000e+02 1.84174124e-17 3.86828903e-04 2.62726868e-01
1.22000000e+02 1.81545721e-17 3.86828903e-04 2.62726868e-01
1.23000000e+02 1.78917318e-17 3.86828903e-04 2.62726868e-01
1.24000000e+02 1.76288916e-17 3.86828903e-04 2.62726868e-01
1.25000000e+02 1.73660513e-17 3.86828903e-04 2.62726868e-01
1.26000000e+02 1.71032111e-17 3.86828902e-04 2.62726868e-01
1.27000000e+02 1.68403708e-17 3.86828902e-04 2.62726868e-01
1.28000000e+02 1.65775306e-17 3.86828902e-04 2.62726868e-01
1.29000000e+02 1.63146903e-17 3.86828902e-04 2.62726868e-01
1.30000000e+02 1.60518500e-17 3.86828902e-04 2.62726868e-01
1.31000000e+02 1.57890098e-17 3.86828902e-04 2.62726868e-01
1.32000000e+02 1.55261695e-17 3.86828902e-04 2.62726868e-01
1.33000000e+02 1.52633293e-17 3.86828902e-04 2.62726868e-01
1.34000000e+02 1.50004890e-17 3.86828902e-04 2.62726868e-01
1.35000000e+02 1.47376488e-17 3.86828902e-04 2.62726868e-01
1.36000000e+02 1.44748085e-17 3.86828902e-04 2.62726868e-01
1.37000000e+02 1.42119682e-17 3.86828902e-04 2.62726868e-01
1.38000000e+02 1.39491280e-17 3.86828902e-04 2.62726868e-01
1.39000000e+02 1.36862877e-17 3.86828902e-04 2.62726868e-01
1.40000000e+02 1.34234475e-17 3.86828901e-04 2.62726868e-01
1.41000000e+02 1.27628246e-17 3.86828901e-04 2.62726868e-01
1.42000000e+02 1.21022016e-17 3.86828901e-04 2.62726868e-01
1.43000000e+02 1.14415787e-17 3.86828901e-04 2.62726868e-01
1.44000000e+02 1.07809558e-17 3.86828901e-04 2.62726868e-01
1.45000000e+02 1.01203329e-17 3.86828901e-04 2.62726868e-01
1.46000000e+02 9.45970998e-18 3.86828901e-04 2.62726868e-01
1.47000000e+02 8.79908706e-18 3.86828901e-04 2.62726868e-01
1.48000000e+02 8.13846415e-18 3.86828901e-04 2.62726868e-01
1.49000000e+02 7.47784123e-18 3.86828901e-04 2.62726868e-01
1.50000000e+02 6.81721831e-18 3.86828901e-04 2.62726868e-01
1.51000000e+02 6.15659540e-18 3.86828901e-04 2.62726868e-01
1.52000000e+02 5.49597248e-18 3.86828901e-04 2.62726868e-01
1.53000000e+02 4.83534957e-18 3.86828901e-04 2.62726868e-01
1.54000000e+02 4.17472665e-18 3.86828901e-04 2.62726868e-01
1.55000000e+02 3.51410374e-18 3.86828901e-04 2.62726868e-01
1.56000000e+02 2.85348082e-18 3.86828901e-04 2.62726868e-01
1.57000000e+02 2.19285791e-18 3.86828901e-04 2.62726868e-01
1.58000000e+02 1.53223499e-18 3.86828900e-04 2.62726868e-01
1.59000000e+02 8.71612074e-19 3.86828900e-04 2.62726868e-01
1.60000000e+02 2.10989158e-19 3.86828900e-04 2.62726868e-01
1.61000000e+02 4.32502832e-19 3.86828900e-04 2.62726868e-01
1.62000000e+02 6.54016505e-19 3.86828900e-04 2.62726868e-01
1.63000000e+02 8.75530179e-19 3.86828900e-04 2.62726868e-01
1.64000000e+02 1.09704385e-18 3.86828900e-04 2.62726868e-01
1.65000000e+02 1.31855753e-18 3.86828900e-04 2.62726868e-01
1.66000000e+02 1.54007120e-18 3.86828900e-04 2.62726868e-01
1.67000000e+02 1.76158487e-18 3.86828900e-04 2.62726868e-01
1.68000000e+02 1.98309855e-18 3.86828900e-04 2.62726868e-01
1.69000000e+02 2.20461222e-18 3.86828900e-04 2.62726868e-01
1.70000000e+02 2.42612589e-18 3.86828900e-04 2.62726868e-01
1.71000000e+02 2.64763957e-18 3.86828900e-04 2.62726868e-01
1.72000000e+02 2.86915324e-18 3.86828900e-04 2.62726868e-01
1.73000000e+02 3.09066691e-18 3.86828900e-04 2.62726868e-01
1.74000000e+02 3.31218059e-18 3.86828900e-04 2.62726868e-01
1.75000000e+02 3.53369426e-18 3.86828900e-04 2.62726868e-01
1.76000000e+02 3.75520793e-18 3.86828900e-04 2.62726868e-01
1.77000000e+02 3.97672161e-18 3.86828900e-04 2.62726868e-01
1.78000000e+02 4.19823528e-18 3.86828900e-04 2.62726868e-01
1.79000000e+02 4.41974895e-18 3.86828900e-04 2.62726868e-01
1.80000000e+02 4.64126263e-18 3.86828899e-04 2.62726868e-01
1.81000000e+02 4.13078404e-18 3.86828899e-04 2.62726868e-01
1.82000000e+02 3.62030545e-18 3.86828899e-04 2.62726868e-01
1.83000000e+02 3.10982685e-18 3.86828899e-04 2.62726868e-01
1.84000000e+02 2.59934826e-18 3.86828899e-04 2.62726868e-01
1.85000000e+02 2.08886967e-18 3.86828899e-04 2.62726868e-01
1.86000000e+02 1.57839108e-18 3.86828899e-04 2.62726868e-01
1.87000000e+02 1.06791249e-18 3.86828899e-04 2.62726868e-01
1.88000000e+02 5.57433900e-19 3.86828899e-04 2.62726868e-01
1.89000000e+02 4.69553086e-20 3.86828899e-04 2.62726868e-01
1.90000000e+02 -4.63523282e-19 3.86828899e-04 2.62726868e-01
1.91000000e+02 -9.74001873e-19 3.86828899e-04 2.62726868e-01
1.92000000e+02 -1.48448046e-18 3.86828899e-04 2.62726868e-01
1.93000000e+02 -1.99495906e-18 3.86828899e-04 2.62726868e-01
1.94000000e+02 -2.50543765e-18 3.86828899e-04 2.62726868e-01
1.95000000e+02 -3.01591624e-18 3.86828899e-04 2.62726868e-01
1.96000000e+02 -3.52639483e-18 3.86828899e-04 2.62726868e-01
1.97000000e+02 -4.03687342e-18 3.86828899e-04 2.62726868e-01
1.98000000e+02 -4.54735201e-18 3.86828899e-04 2.62726868e-01
1.99000000e+02 -5.05783060e-18 3.86828899e-04 2.62726868e-01
2.00000000e+02 -5.56830919e-18 3.86828899e-04 2.62726868e-01
2.01000000e+02 -5.47094740e-18 3.86828899e-04 2.62726868e-01
2.02000000e+02 -5.37358561e-18 3.86828899e-04 2.62726868e-01
2.03000000e+02 -5.27622383e-18 3.86828899e-04 2.62726868e-01
2.04000000e+02 -5.17886204e-18 3.86828899e-04 2.62726868e-01
2.05000000e+02 -5.08150025e-18 3.86828899e-04 2.62726868e-01
2.06000000e+02 -4.98413846e-18 3.86828899e-04 2.62726868e-01
2.07000000e+02 -4.88677667e-18 3.86828899e-04 2.62726868e-01
2.08000000e+02 -4.78941488e-18 3.86828899e-04 2.62726868e-01
2.09000000e+02 -4.69205309e-18 3.86828899e-04 2.62726868e-01
2.10000000e+02 -4.59469130e-18 3.86828898e-04 2.62726868e-01
2.11000000e+02 -4.49732951e-18 3.86828898e-04 2.62726868e-01
2.12000000e+02 -4.39996773e-18 3.86828898e-04 2.62726868e-01
2.13000000e+02 -4.30260594e-18 3.86828898e-04 2.62726868e-01
2.14000000e+02 -4.20524415e-18 3.86828898e-04 2.62726868e-01
2.15000000e+02 -4.10788236e-18 3.86828898e-04 2.62726868e-01
2.16000000e+02 -4.01052057e-18 3.86828898e-04 2.62726868e-01
2.17000000e+02 -3.91315878e-18 3.86828898e-04 2.62726868e-01
2.18000000e+02 -3.81579699e-18 3.86828898e-04 2.62726868e-01
2.19000000e+02 -3.71843520e-18 3.86828898e-04 2.62726868e-01
2.20000000e+02 -3.62107341e-18 3.86828898e-04 2.62726868e-01
2.21000000e+02 -3.80067628e-18 3.86828898e-04 2.62726868e-01
2.22000000e+02 -3.98027914e-18 3.86828898e-04 2.62726868e-01
2.23000000e+02 -4.15988200e-18 3.86828898e-04 2.62726868e-01
2.24000000e+02 -4.33948486e-18 3.86828898e-04 2.62726868e-01
2.25000000e+02 -4.51908773e-18 3.86828898e-04 2.62726868e-01
2.26000000e+02 -4.69869059e-18 3.86828898e-04 2.62726868e-01
2.27000000e+02 -4.87829345e-18 3.86828898e-04 2.62726868e-01
2.28000000e+02 -5.05789631e-18 3.86828898e-04 2.62726868e-01
2.29000000e+02 -5.23749917e-18 3.86828898e-04 2.62726868e-01
2.30000000e+02 -5.41710204e-18 3.86828898e-04 2.62726868e-01
2.31000000e+02 -5.59670490e-18 3.86828898e-04 2.62726868e-01
2.32000000e+02 -5.77630776e-18 3.86828898e-04 2.62726868e-01
2.33000000e+02 -5.95591062e-18 3.86828898e-04 2.62726868e-01
2.34000000e+02 -6.13551348e-18 3.86828898e-04 2.62726868e-01
2.35000000e+02 -6.31511635e-18 3.86828898e-04 2.62726868e-01
2.36000000e+02 -6.49471921e-18 3.86828898e-04 2.62726868e-01
2.37000000e+02 -6.67432207e-18 3.86828898e-04 2.62726868e-01
2.38000000e+02 -6.85392493e-18 3.86828898e-04 2.62726868e-01
2.39000000e+02 -7.03352779e-18 3.86828898e-04 2.62726868e-01
2.40000000e+02 -7.21313066e-18 3.86828898e-04 2.62726868e-01
2.41000000e+02 -7.18819348e-18 3.86828898e-04 2.62726868e-01
2.42000000e+02 -7.16325630e-18 3.86828898e-04 2.62726868e-01
2.43000000e+02 -7.13831912e-18 3.86828898e-04 2.62726868e-01
2.44000000e+02 -7.11338194e-18 3.86828898e-04 2.62726868e-01
2.45000000e+02 -7.08844476e-18 3.86828898e-04 2.62726868e-01
2.46000000e+02 -7.06350758e-18 3.86828898e-04 2.62726868e-01
2.47000000e+02 -7.03857040e-18 3.86828898e-04 2.62726868e-01
2.48000000e+02 -7.01363323e-18 3.86828898e-04 2.62726868e-01
2.49000000e+02 -6.98869605e-18 3.86828898e-04 2.62726868e-01
2.50000000e+02 -6.96375887e-18 3.86828898e-04 2.62726868e-01
2.51000000e+02 -6.93882169e-18 3.86828898e-04 2.62726868e-01
2.52000000e+02 -6.91388451e-18 3.86828898e-04 2.62726868e-01
2.53000000e+02 -6.88894733e-18 3.86828898e-04 2.62726868e-01
2.54000000e+02 -6.86401015e-18 3.86828897e-04 2.62726868e-01
2.55000000e+02 -6.83907297e-18 3.86828897e-04 2.62726868e-01
2.56000000e+02 -6.81413579e-18 3.86828897e-04 2.62726868e-01
2.57000000e+02 -6.78919862e-18 3.86828897e-04 2.62726868e-01
2.58000000e+02 -6.76426144e-18 3.86828897e-04 2.62726868e-01
2.59000000e+02 -6.73932426e-18 3.86828897e-04 2.62726868e-01
2.60000000e+02 -6.71438708e-18 3.86828897e-04 2.62726868e-01
2.61000000e+02 -7.01651133e-18 3.86828897e-04 2.62726868e-01
2.62000000e+02 -7.31863559e-18 3.86828897e-04 2.62726868e-01
2.63000000e+02 -7.62075984e-18 3.86828897e-04 2.62726868e-01
2.64000000e+02 -7.92288410e-18 3.86828897e-04 2.62726868e-01
2.65000000e+02 -8.22500835e-18 3.86828897e-04 2.62726868e-01
2.66000000e+02 -8.52713261e-18 3.86828897e-04 2.62726868e-01
2.67000000e+02 -8.82925687e-18 3.86828897e-04 2.62726868e-01
2.68000000e+02 -9.13138112e-18 3.86828897e-04 2.62726868e-01
2.69000000e+02 -9.43350538e-18 3.86828897e-04 2.62726868e-01
2.70000000e+02 -9.73562963e-18 3.86828897e-04 2.62726868e-01
2.71000000e+02 -1.00377539e-17 3.86828897e-04 2.62726868e-01
2.72000000e+02 -1.03398781e-17 3.86828897e-04 2.62726868e-01
2.73000000e+02 -1.06420024e-17 3.86828897e-04 2.62726868e-01
2.74000000e+02 -1.09441267e-17 3.86828897e-04 2.62726868e-01
2.75000000e+02 -1.12462509e-17 3.86828897e-04 2.62726868e-01
2.76000000e+02 -1.15483752e-17 3.86828897e-04 2.62726868e-01
2.77000000e+02 -1.18504994e-17 3.86828897e-04 2.62726868e-01
2.78000000e+02 -1.21526237e-17 3.86828897e-04 2.62726868e-01
2.79000000e+02 -1.24547479e-17 3.86828897e-04 2.62726868e-01
2.80000000e+02 -1.37940865e-17 3.86828897e-04 2.62726868e-01
2.81000000e+02 -1.86847924e-05 3.44288044e-04 2.62750242e-01
2.82000000e+02 -3.73695848e-05 3.01747192e-04 2.62773616e-01
2.83000000e+02 -5.60543772e-05 2.59206339e-04 2.62796991e-01
2.84000000e+02 -7.47391696e-05 2.16665487e-04 2.62820365e-01
2.85000000e+02 -9.34239620e-05 1.74124634e-04 2.62843739e-01
2.86000000e+02 -1.12108754e-04 1.31583781e-04 2.62867113e-01
2.87000000e+02 -1.30793547e-04 8.90429287e-05 2.62890487e-01
2.88000000e+02 -1.49478339e-04 4.65020761e-05 2.62913862e-01
2.89000000e+02 -1.68163132e-04 3.96122350e-06 2.62937236e-01
2.90000000e+02 -1.86847924e-04 -3.85796291e-05 2.62960610e-01
2.91000000e+02 -2.05532716e-04 -8.11204817e-05 2.62983984e-01
2.92000000e+02 -2.24217509e-04 -1.23661334e-04 2.63007358e-01
2.93000000e+02 -2.42902301e-04 -1.66202187e-04 2.63030733e-01
2.94000000e+02 -2.61587094e-04 -2.08743040e-04 2.63054107e-01
2.95000000e+02 -2.80271886e-04 -2.51283892e-04 2.63077481e-01
2.96000000e+02 -2.98956678e-04 -2.93824745e-04 2.63100855e-01
2.97000000e+02 -3.17641471e-04 -3.36365597e-04 2.63124229e-01
2.98000000e+02 -3.36326263e-04 -3.78906450e-04 2.63147604e-01
2.99000000e+02 -3.55011056e-04 -4.21447303e-04 2.63170978e-01
3.00000000e+02 -3.73695848e-04 -4.63988155e-04 2.63194352e-01
3.01000000e+02 -4.65016924e-04 -7.10419543e-04 2.63323789e-01
3.02000000e+02 -5.56337999e-04 -9.56850930e-04 2.63453226e-01
3.03000000e+02 -6.47659075e-04 -1.20328232e-03 2.63582663e-01
3.04000000e+02 -7.38980150e-04 -1.44971371e-03 2.63712100e-01
3.05000000e+02 -8.30301226e-04 -1.69614509e-03 2.63841537e-01
3.06000000e+02 -9.21622302e-04 -1.94257648e-03 2.63970974e-01
3.07000000e+02 -1.01294338e-03 -2.18900787e-03 2.64100411e-01
3.08000000e+02 -1.10426445e-03 -2.43543926e-03 2.64229848e-01
3.09000000e+02 -1.19558553e-03 -2.68187064e-03 2.64359285e-01
3.10000000e+02 -1.28690660e-03 -2.92830203e-03 2.64488722e-01
3.11000000e+02 -1.37822768e-03 -3.17473342e-03 2.64618159e-01
3.12000000e+02 -1.46954875e-03 -3.42116481e-03 2.64747596e-01
3.13000000e+02 -1.56086983e-03 -3.66759619e-03 2.64877033e-01
3.14000000e+02 -1.65219091e-03 -3.91402758e-03 2.65006470e-01
3.15000000e+02 -1.74351198e-03 -4.16045897e-03 2.65135907e-01
3.16000000e+02 -1.83483306e-03 -4.40689036e-03 2.65265344e-01
3.17000000e+02 -1.92615413e-03 -4.65332174e-03 2.65394781e-01
3.18000000e+02 -2.01747521e-03 -4.89975313e-03 2.65524218e-01
3.19000000e+02 -2.10879628e-03 -5.14618452e-03 2.65653655e-01
3.20000000e+02 -2.20011736e-03 -5.39261591e-03 2.65783092e-01
3.21000000e+02 -2.28080763e-03 -5.74862138e-03 2.65949766e-01
3.22000000e+02 -2.36149791e-03 -6.10462686e-03 2.66116439e-01
3.23000000e+02 -2.44218818e-03 -6.46063234e-03 2.66283113e-01
3.24000000e+02 -2.52287846e-03 -6.81663781e-03 2.66449786e-01
3.25000000e+02 -2.60356873e-03 -7.17264329e-03 2.66616460e-01
3.26000000e+02 -2.68425901e-03 -7.52864877e-03 2.66783133e-01
3.27000000e+02 -2.76494928e-03 -7.88465424e-03 2.66949807e-01
3.28000000e+02 -2.84563956e-03 -8.24065972e-03 2.67116480e-01
3.29000000e+02 -2.92632983e-03 -8.59666520e-03 2.67283154e-01
3.30000000e+02 -3.00702011e-03 -8.95267067e-03 2.67449827e-01
3.31000000e+02 -3.08771038e-03 -9.30867615e-03 2.67616501e-01
3.32000000e+02 -3.16840065e-03 -9.66468163e-03 2.67783174e-01
3.33000000e+02 -3.24909093e-03 -1.00206871e-02 2.67949848e-01
3.34000000e+02 -3.32978120e-03 -1.03766926e-02 2.68116521e-01
3.35000000e+02 -3.41047148e-03 -1.07326981e-02 2.68283195e-01
3.36000000e+02 -3.49116175e-03 -1.10887035e-02 2.68449868e-01
3.37000000e+02 -3.57185203e-03 -1.14447090e-02 2.68616542e-01
3.38000000e+02 -3.65254230e-03 -1.18007145e-02 2.68783215e-01
3.39000000e+02 -3.73323258e-03 -1.21567200e-02 2.68949889e-01
3.40000000e+02 -3.81392285e-03 -1.25127254e-02 2.69116562e-01
3.41000000e+02 -3.73057385e-03 -1.27564254e-02 2.69212210e-01
3.42000000e+02 -3.64722485e-03 -1.30001253e-02 2.69307858e-01
3.43000000e+02 -3.56387585e-03 -1.32438253e-02 2.69403506e-01
3.44000000e+02 -3.48052685e-03 -1.34875252e-02 2.69499155e-01
3.45000000e+02 -3.39717786e-03 -1.37312252e-02 2.69594803e-01
3.46000000e+02 -3.31382886e-03 -1.39749251e-02 2.69690451e-01
3.47000000e+02 -3.23047986e-03 -1.42186251e-02 2.69786099e-01
3.48000000e+02 -3.14713086e-03 -1.44623250e-02 2.69881747e-01
3.49000000e+02 -3.06378186e-03 -1.47060250e-02 2.69977395e-01
3.50000000e+02 -2.98043286e-03 -1.49497250e-02 2.70073043e-01
3.51000000e+02 -2.89708386e-03 -1.51934249e-02 2.70168691e-01
3.52000000e+02 -2.81373486e-03 -1.54371249e-02 2.70264339e-01
3.53000000e+02 -2.73038586e-03 -1.56808248e-02 2.70359987e-01
3.54000000e+02 -2.64703687e-03 -1.59245248e-02 2.70455635e-01
3.55000000e+02 -2.56368787e-03 -1.61682247e-02 2.70551283e-01
3.56000000e+02 -2.48033887e-03 -1.64119247e-02 2.70646931e-01
3.57000000e+02 -2.39698987e-03 -1.66556246e-02 2.70742579e-01
3.58000000e+02 -2.31364087e-03 -1.68993246e-02 2.70838227e-01
3.59000000e+02 -2.23029187e-03 -1.71430245e-02 2.70933875e-01
3.60000000e+02 -2.14694287e-03 -1.73867245e-02 2.71029523e-01
3.61000000e+02 -1.77556099e-03 -1.73659349e-02 2.71004647e-01
3.62000000e+02 -1.40417910e-03 -1.73451454e-02 2.70979772e-01
3.63000000e+02 -1.03279722e-03 -1.73243559e-02 2.70954896e-01
3.64000000e+02 -6.61415337e-04 -1.73035663e-02 2.70930021e-01
3.65000000e+02 -2.90033454e-04 -1.72827768e-02 2.70905145e-01
3.66000000e+02 8.13484301e-05 -1.72619873e-02 2.70880270e-01
3.67000000e+02 4.52730314e-04 -1.72411977e-02 2.70855394e-01
3.68000000e+02 8.24112197e-04 -1.72204082e-02 2.70830519e-01
3.69000000e+02 1.19549408e-03 -1.71996187e-02 2.70805643e-01
3.70000000e+02 1.56687596e-03 -1.71788291e-02 2.70780768e-01
3.71000000e+02 1.93825785e-03 -1.71580396e-02 2.70755892e-01
3.72000000e+02 2.30963973e-03 -1.71372501e-02 2.70731017e-01
3.73000000e+02 2.68102162e-03 -1.71164605e-02 2.70706141e-01
3.74000000e+02 3.05240350e-03 -1.70956710e-02 2.70681266e-01
3.75000000e+02 3.42378538e-03 -1.70748815e-02 2.70656390e-01
3.76000000e+02 3.79516727e-03 -1.70540919e-02 2.70631515e-01
3.77000000e+02 4.16654915e-03 -1.70333024e-02 2.70606639e-01
3.78000000e+02 4.53793103e-03 -1.70125129e-02 2.70581764e-01
3.79000000e+02 4.90931292e-03 -1.69917233e-02 2.70556888e-01
3.80000000e+02 5.28069480e-03 -1.69709338e-02 2.70532013e-01
3.81000000e+02 5.93426000e-03 -1.66987296e-02 2.70374789e-01
3.82000000e+02 6.58782521e-03 -1.64265255e-02 2.70217564e-01
3.83000000e+02 7.24139041e-03 -1.61543213e-02 2.70060340e-01
3.84000000e+02 7.89495561e-03 -1.58821172e-02 2.69903116e-01
3.85000000e+02 8.54852081e-03 -1.56099130e-02 2.69745892e-01
3.86000000e+02 9.20208601e-03 -1.53377089e-02 2.69588668e-01
3.87000000e+02 9.85565122e-03 -1.50655047e-02 2.69431443e-01
3.88000000e+02 1.05092164e-02 -1.47933006e-02 2.69274219e-01
3.89000000e+02 1.11627816e-02 -1.45210965e-02 2.69116995e-01
3.90000000e+02 1.18163468e-02 -1.42488923e-02 2.68959771e-01
3.91000000e+02 1.24699120e-02 -1.39766882e-02 2.68802547e-01
3.92000000e+02 1.31234772e-02 -1.37044840e-02 2.68645322e-01
3.93000000e+02 1.37770424e-02 -1.34322799e-02 2.68488098e-01
3.94000000e+02 1.44306076e-02 -1.31600757e-02 2.68330874e-01
3.95000000e+02 1.50841728e-02 -1.28878716e-02 2.68173650e-01
3.96000000e+02 1.57377380e-02 -1.26156674e-02 2.68016425e-01
3.97000000e+02 1.63913032e-02 -1.23434633e-02 2.67859201e-01
3.98000000e+02 1.70448684e-02 -1.20712591e-02 2.67701977e-01
3.99000000e+02 1.76984336e-02 -1.17990550e-02 2.67544753e-01
4.00000000e+02 1.83519988e-02 -1.15268508e-02 2.67387529e-01
4.01000000e+02 1.91315612e-02 -1.11271297e-02 2.67109747e-01
4.02000000e+02 1.99111235e-02 -1.07274086e-02 2.66831965e-01
4.03000000e+02 2.06906858e-02 -1.03276875e-02 2.66554184e-01
4.04000000e+02 2.14702481e-02 -9.92796639e-03 2.66276402e-01
4.05000000e+02 2.22498104e-02 -9.52824529e-03 2.65998620e-01
4.06000000e+02 2.30293728e-02 -9.12852418e-03 2.65720839e-01
4.07000000e+02 2.38089351e-02 -8.72880308e-03 2.65443057e-01
4.08000000e+02 2.45884974e-02 -8.32908197e-03 2.65165275e-01
4.09000000e+02 2.53680597e-02 -7.92936087e-03 2.64887494e-01
4.10000000e+02 2.61476220e-02 -7.52963976e-03 2.64609712e-01
4.11000000e+02 2.69271843e-02 -7.12991865e-03 2.64331930e-01
4.12000000e+02 2.77067467e-02 -6.73019755e-03 2.64054149e-01
4.13000000e+02 2.84863090e-02 -6.33047644e-03 2.63776367e-01
4.14000000e+02 2.92658713e-02 -5.93075534e-03 2.63498585e-01
4.15000000e+02 3.00454336e-02 -5.53103423e-03 2.63220804e-01
4.16000000e+02 3.08249959e-02 -5.13131313e-03 2.62943022e-01
4.17000000e+02 3.16045583e-02 -4.73159202e-03 2.62665241e-01
4.18000000e+02 3.23841206e-02 -4.33187092e-03 2.62387459e-01
4.19000000e+02 3.31636829e-02 -3.93214981e-03 2.62109677e-01
4.20000000e+02 3.39432452e-02 -3.53242871e-03 2.61831896e-01
4.21000000e+02 3.46142364e-02 -3.15767838e-03 2.61511837e-01
4.22000000e+02 3.52852276e-02 -2.78292805e-03 2.61191778e-01
4.23000000e+02 3.59562188e-02 -2.40817772e-03 2.60871719e-01
4.24000000e+02 3.66272100e-02 -2.03342739e-03 2.60551660e-01
4.25000000e+02 3.72982012e-02 -1.65867706e-03 2.60231601e-01
4.26000000e+02 3.79691925e-02 -1.28392673e-03 2.59911543e-01
4.27000000e+02 3.86401837e-02 -9.09176400e-04 2.59591484e-01
4.28000000e+02 3.93111749e-02 -5.34426071e-04 2.59271425e-01
4.29000000e+02 3.99821661e-02 -1.59675742e-04 2.58951366e-01
4.30000000e+02 4.06531573e-02 2.15074588e-04 2.58631307e-01
4.31000000e+02 4.13241485e-02 5.89824917e-04 2.58311248e-01
4.32000000e+02 4.19951397e-02 9.64575246e-04 2.57991189e-01
4.33000000e+02 4.26661309e-02 1.33932558e-03 2.57671131e-01
4.34000000e+02 4.33371221e-02 1.71407590e-03 2.57351072e-01
4.35000000e+02 4.40081133e-02 2.08882623e-03 2.57031013e-01
4.36000000e+02 4.46791045e-02 2.46357656e-03 2.56710954e-01
4.37000000e+02 4.53500958e-02 2.83832689e-03 2.56390895e-01
4.38000000e+02 4.60210870e-02 3.21307722e-03 2.56070836e-01
4.39000000e+02 4.66920782e-02 3.58782755e-03 2.55750778e-01
4.40000000e+02 4.73630694e-02 3.96257788e-03 2.55430719e-01
4.41000000e+02 4.77257138e-02 4.18313663e-03 2.55213033e-01
4.42000000e+02 4.80883582e-02 4.40369537e-03 2.54995347e-01
4.43000000e+02 4.84510027e-02 4.62425412e-03 2.54777661e-01
4.44000000e+02 4.88136471e-02 4.84481287e-03 2.54559975e-01
4.45000000e+02 4.91762915e-02 5.06537161e-03 2.54342289e-01
4.46000000e+02 4.95389359e-02 5.28593036e-03 2.54124603e-01
4.47000000e+02 4.99015804e-02 5.50648910e-03 2.53906917e-01
4.48000000e+02 5.02642248e-02 5.72704785e-03 2.53689231e-01
4.49000000e+02 5.06268692e-02 5.94760660e-03 2.53471545e-01
4.50000000e+02 5.09895136e-02 6.16816534e-03 2.53253859e-01
4.51000000e+02 5.13521581e-02 6.38872409e-03 2.53036173e-01
4.52000000e+02 5.17148025e-02 6.60928283e-03 2.52818487e-01
4.53000000e+02 5.20774469e-02 6.82984158e-03 2.52600801e-01
4.54000000e+02 5.24400913e-02 7.05040033e-03 2.52383115e-01
4.55000000e+02 5.28027358e-02 7.27095907e-03 2.52165430e-01
4.56000000e+02 5.31653802e-02 7.49151782e-03 2.51947744e-01
4.57000000e+02 5.35280246e-02 7.71207656e-03 2.51730058e-01
4.58000000e+02 5.38906690e-02 7.93263531e-03 2.51512372e-01
4.59000000e+02 5.42533135e-02 8.15319406e-03 2.51294686e-01
4.60000000e+02 5.46159579e-02 8.37375280e-03 2.51077000e-01
4.61000000e+02 5.46510192e-02 8.40717551e-03 2.51040253e-01
4.62000000e+02 5.46860806e-02 8.44059821e-03 2.51003506e-01
4.63000000e+02 5.47211419e-02 8.47402092e-03 2.50966759e-01
4.64000000e+02 5.47562033e-02 8.50744362e-03 2.50930011e-01
4.65000000e+02 5.47912646e-02 8.54086633e-03 2.50893264e-01
4.66000000e+02 5.48263259e-02 8.57428904e-03 2.50856517e-01
4.67000000e+02 5.48613873e-02 8.60771174e-03 2.50819770e-01
4.68000000e+02 5.48964486e-02 8.64113445e-03 2.50783023e-01
4.69000000e+02 5.49315100e-02 8.67455715e-03 2.50746276e-01
4.70000000e+02 5.49665713e-02 8.70797986e-03 2.50709529e-01
4.71000000e+02 5.50016327e-02 8.74140256e-03 2.50672782e-01
4.72000000e+02 5.50366940e-02 8.77482527e-03 2.50636035e-01
4.73000000e+02 5.50717553e-02 8.80824797e-03 2.50599288e-01
4.74000000e+02 5.51068167e-02 8.84167068e-03 2.50562541e-01
4.75000000e+02 5.51418780e-02 8.87509338e-03 2.50525794e-01
4.76000000e+02 5.51769394e-02 8.90851609e-03 2.50489047e-01
4.77000000e+02 5.52120007e-02 8.94193880e-03 2.50452299e-01
4.78000000e+02 5.52470620e-02 8.97536150e-03 2.50415552e-01
4.79000000e+02 5.52821234e-02 9.00878421e-03 2.50378805e-01
4.80000000e+02 5.53171847e-02 9.04220691e-03 2.50342058e-01
4.81000000e+02 5.52890167e-02 9.03581596e-03 2.50346857e-01
4.82000000e+02 5.52608486e-02 9.02942501e-03 2.50351655e-01
4.83000000e+02 5.52326806e-02 9.02303405e-03 2.50356453e-01
4.84000000e+02 5.52045125e-02 9.01664310e-03 2.50361251e-01
4.85000000e+02 5.51763445e-02 9.01025215e-03 2.50366050e-01
4.86000000e+02 5.51481765e-02 9.00386120e-03 2.50370848e-01
4.87000000e+02 5.51200084e-02 8.99747024e-03 2.50375646e-01
4.88000000e+02 5.50918404e-02 8.99107929e-03 2.50380444e-01
4.89000000e+02 5.50636723e-02 8.98468834e-03 2.50385243e-01
4.90000000e+02 5.50355043e-02 8.97829739e-03 2.50390041e-01
4.91000000e+02 5.50073362e-02 8.97190643e-03 2.50394839e-01
4.92000000e+02 5.49791682e-02 8.96551548e-03 2.50399637e-01
4.93000000e+02 5.49510001e-02 8.95912453e-03 2.50404436e-01
4.94000000e+02 5.49228321e-02 8.95273357e-03 2.50409234e-01
4.95000000e+02 5.48946640e-02 8.94634262e-03 2.50414032e-01
4.96000000e+02 5.48664960e-02 8.93995167e-03 2.50418831e-01
4.97000000e+02 5.48383279e-02 8.93356072e-03 2.50423629e-01
4.98000000e+02 5.48101599e-02 8.92716976e-03 2.50428427e-01
4.99000000e+02 5.47819918e-02 8.92077881e-03 2.50433225e-01
5.00000000e+02 5.47538238e-02 8.91438786e-03 2.50438024e-01
5.01000000e+02 5.47302204e-02 8.90953204e-03 2.50441806e-01
5.02000000e+02 5.47066169e-02 8.90467622e-03 2.50445588e-01
5.03000000e+02 5.46830135e-02 8.89982040e-03 2.50449370e-01
5.04000000e+02 5.46594100e-02 8.89496458e-03 2.50453152e-01
5.05000000e+02 5.46358066e-02 8.89010876e-03 2.50456934e-01
5.06000000e+02 5.46122032e-02 8.88525294e-03 2.50460716e-01
5.07000000e+02 5.45885997e-02 8.88039712e-03 2.50464498e-01
5.08000000e+02 5.45649963e-02 8.87554131e-03 2.50468279e-01
5.09000000e+02 5.45413928e-02 8.87068549e-03 2.50472061e-01
5.10000000e+02 5.45177894e-02 8.86582967e-03 2.50475843e-01
5.11000000e+02 5.44941859e-02 8.86097385e-03 2.50479625e-01
5.12000000e+02 5.44705825e-02 8.85611803e-03 2.50483407e-01
5.13000000e+02 5.44469791e-02 8.85126221e-03 2.50487189e-01
5.14000000e+02 5.44233756e-02 8.84640639e-03 2.50490971e-01
5.15000000e+02 5.43997722e-02 8.84155057e-03 2.50494753e-01
5.16000000e+02 5.43761687e-02 8.83669475e-03 2.50498535e-01
5.17000000e+02 5.43525653e-02 8.83183893e-03 2.50502317e-01
5.18000000e+02 5.43289619e-02 8.82698311e-03 2.50506099e-01
5.19000000e+02 5.43053584e-02 8.82212729e-03 2.50509881e-01
5.20000000e+02 5.42817550e-02 8.81727147e-03 2.50513663e-01
5.21000000e+02 5.42618396e-02 8.81363245e-03 2.50516646e-01
5.22000000e+02 5.42419243e-02 8.80999343e-03 2.50519629e-01
5.23000000e+02 5.42220090e-02 8.80635441e-03 2.50522612e-01
5.24000000e+02 5.42020937e-02 8.80271539e-03 2.50525594e-01
5.25000000e+02 5.41821783e-02 8.79907636e-03 2.50528577e-01
5.26000000e+02 5.41622630e-02 8.79543734e-03 2.50531560e-01
5.27000000e+02 5.41423477e-02 8.79179832e-03 2.50534543e-01
5.28000000e+02 5.41224323e-02 8.78815930e-03 2.50537526e-01
5.29000000e+02 5.41025170e-02 8.78452027e-03 2.50540508e-01
5.30000000e+02 5.40826017e-02 8.78088125e-03 2.50543491e-01
5.31000000e+02 5.40626864e-02 8.77724223e-03 2.50546474e-01
5.32000000e+02 5.40427710e-02 8.77360321e-03 2.50549457e-01
5.33000000e+02 5.40228557e-02 8.76996419e-03 2.50552440e-01
5.34000000e+02 5.40029404e-02 8.76632516e-03 2.50555422e-01
5.35000000e+02 5.39830250e-02 8.76268614e-03 2.50558405e-01
5.36000000e+02 5.39631097e-02 8.75904712e-03 2.50561388e-01
5.37000000e+02 5.39431944e-02 8.75540810e-03 2.50564371e-01
5.38000000e+02 5.39232791e-02 8.75176907e-03 2.50567353e-01
5.39000000e+02 5.39033637e-02 8.74813005e-03 2.50570336e-01
5.40000000e+02 5.38834484e-02 8.74449103e-03 2.50573319e-01
5.41000000e+02 5.38665213e-02 8.74181502e-03 2.50575671e-01
5.42000000e+02 5.38495941e-02 8.73913901e-03 2.50578023e-01
5.43000000e+02 5.38326670e-02 8.73646300e-03 2.50580375e-01
5.44000000e+02 5.38157398e-02 8.73378700e-03 2.50582727e-01
5.45000000e+02 5.37988127e-02 8.73111099e-03 2.50585080e-01
5.46000000e+02 5.37818855e-02 8.72843498e-03 2.50587432e-01
5.47000000e+02 5.37649584e-02 8.72575897e-03 2.50589784e-01
5.48000000e+02 5.37480313e-02 8.72308296e-03 2.50592136e-01
5.49000000e+02 5.37311041e-02 8.72040695e-03 2.50594488e-01
5.50000000e+02 5.37141770e-02 8.71773094e-03 2.50596840e-01
5.51000000e+02 5.36972498e-02 8.71505494e-03 2.50599192e-01
5.52000000e+02 5.36803227e-02 8.71237893e-03 2.50601544e-01
5.53000000e+02 5.36633955e-02 8.70970292e-03 2.50603896e-01
5.54000000e+02 5.36464684e-02 8.70702691e-03 2.50606248e-01
5.55000000e+02 5.36295413e-02 8.70435090e-03 2.50608601e-01
5.56000000e+02 5.36126141e-02 8.70167489e-03 2.50610953e-01
5.57000000e+02 5.35956870e-02 8.69899888e-03 2.50613305e-01
5.58000000e+02 5.35787598e-02 8.69632288e-03 2.50615657e-01
5.59000000e+02 5.35618327e-02 8.69364687e-03 2.50618009e-01
5.60000000e+02 5.35449056e-02 8.69097086e-03 2.50620361e-01
5.61000000e+02 5.35304068e-02 8.68905546e-03 2.50622214e-01
5.62000000e+02 5.35159081e-02 8.68714006e-03 2.50624067e-01
5.63000000e+02 5.35014094e-02 8.68522466e-03 2.50625920e-01
5.64000000e+02 5.34869107e-02 8.68330926e-03 2.50627773e-01
5.65000000e+02 5.34724120e-02 8.68139386e-03 2.50629626e-01
5.66000000e+02 5.34579133e-02 8.67947847e-03 2.50631479e-01
5.67000000e+02 5.34434146e-02 8.67756307e-03 2.50633332e-01
5.68000000e+02 5.34289159e-02 8.67564767e-03 2.50635185e-01
5.69000000e+02 5.34144172e-02 8.67373227e-03 2.50637038e-01
5.70000000e+02 5.33999185e-02 8.67181687e-03 2.50638891e-01
5.71000000e+02 5.33854198e-02 8.66990147e-03 2.50640744e-01
5.72000000e+02 5.33709210e-02 8.66798607e-03 2.50642597e-01
5.73000000e+02 5.33564223e-02 8.66607068e-03 2.50644450e-01
5.74000000e+02 5.33419236e-02 8.66415528e-03 2.50646303e-01
5.75000000e+02 5.33274249e-02 8.66223988e-03 2.50648156e-01
5.76000000e+02 5.33129262e-02 8.66032448e-03 2.50650009e-01
5.77000000e+02 5.32984275e-02 8.65840908e-03 2.50651862e-01
5.78000000e+02 5.32839288e-02 8.65649368e-03 2.50653715e-01
5.79000000e+02 5.32694301e-02 8.65457828e-03 2.50655568e-01
5.80000000e+02 5.32549314e-02 8.65266288e-03 2.50657421e-01
5.81000000e+02 5.32424128e-02 8.65134663e-03 2.50658878e-01
5.82000000e+02 5.32298943e-02 8.65003038e-03 2.50660335e-01
5.83000000e+02 5.32173758e-02 8.64871413e-03 2.50661793e-01
5.84000000e+02 5.32048572e-02 8.64739788e-03 2.50663250e-01
5.85000000e+02 5.31923387e-02 8.64608163e-03 2.50664707e-01
5.86000000e+02 5.31798201e-02 8.64476538e-03 2.50666164e-01
5.87000000e+02 5.31673016e-02 8.64344913e-03 2.50667621e-01
5.88000000e+02 5.31547831e-02 8.64213288e-03 2.50669078e-01
5.89000000e+02 5.31422645e-02 8.64081663e-03 2.50670536e-01
5.90000000e+02 5.31297460e-02 8.63950038e-03 2.50671993e-01
5.91000000e+02 5.31172274e-02 8.63818413e-03 2.50673450e-01
5.92000000e+02 5.31047089e-02 8.63686788e-03 2.50674907e-01
5.93000000e+02 5.30921904e-02 8.63555163e-03 2.50676364e-01
5.94000000e+02 5.30796718e-02 8.63423538e-03 2.50677821e-01
5.95000000e+02 5.30671533e-02 8.63291913e-03 2.50679278e-01
5.96000000e+02 5.30546347e-02 8.63160288e-03 2.50680736e-01
5.97000000e+02 5.30421162e-02 8.63028663e-03 2.50682193e-01
5.98000000e+02 5.30295977e-02 8.62897037e-03 2.50683650e-01
5.99000000e+02 5.30170791e-02 8.62765412e-03 2.50685107e-01
6.00000000e+02 5.30045606e-02 8.62633787e-03 2.50686564e-01
6.01000000e+02 5.29936628e-02 8.62549197e-03 2.50687707e-01
6.02000000e+02 5.29827649e-02 8.62464606e-03 2.50688849e-01
6.03000000e+02 5.29718671e-02 8.62380016e-03 2.50689992e-01
6.04000000e+02 5.29609693e-02 8.62295425e-03 2.50691135e-01
6.05000000e+02 5.29500714e-02 8.62210835e-03 2.50692277e-01
6.06000000e+02 5.29391736e-02 8.62126244e-03 2.50693420e-01
6.07000000e+02 5.29282758e-02 8.62041654e-03 2.50694563e-01
6.08000000e+02 5.29173780e-02 8.61957063e-03 2.50695705e-01
6.09000000e+02 5.29064801e-02 8.61872473e-03 2.50696848e-01
6.10000000e+02 5.28955823e-02 8.61787882e-03 2.50697991e-01
6.11000000e+02 5.28846845e-02 8.61703291e-03 2.50699133e-01
6.12000000e+02 5.28737866e-02 8.61618701e-03 2.50700276e-01
6.13000000e+02 5.28628888e-02 8.61534110e-03 2.50701418e-01
6.14000000e+02 5.28519910e-02 8.61449520e-03 2.50702561e-01
6.15000000e+02 5.28410932e-02 8.61364929e-03 2.50703704e-01
6.16000000e+02 5.28301953e-02 8.61280339e-03 2.50704846e-01
6.17000000e+02 5.28192975e-02 8.61195748e-03 2.50705989e-01
6.18000000e+02 5.28083997e-02 8.61111158e-03 2.50707132e-01
6.19000000e+02 5.27975018e-02 8.61026567e-03 2.50708274e-01
6.20000000e+02 5.27866040e-02 8.60941977e-03 2.50709417e-01
6.21000000e+02 5.27770383e-02 8.60894148e-03 2.50710309e-01
6.22000000e+02 5.27674725e-02 8.60846319e-03 2.50711202e-01
6.23000000e+02 5.27579067e-02 8.60798490e-03 2.50712094e-01
6.24000000e+02 5.27483410e-02 8.60750661e-03 2.50712987e-01
6.25000000e+02 5.27387752e-02 8.60702832e-03 2.50713879e-01
6.26000000e+02 5.27292095e-02 8.60655003e-03 2.50714772e-01
6.27000000e+02 5.27196437e-02 8.60607175e-03 2.50715664e-01
6.28000000e+02 5.27100780e-02 8.60559346e-03 2.50716557e-01
6.29000000e+02 5.27005122e-02 8.60511517e-03 2.50717449e-01
6.30000000e+02 5.26909465e-02 8.60463688e-03 2.50718341e-01
6.31000000e+02 5.26813807e-02 8.60415859e-03 2.50719234e-01
6.32000000e+02 5.26718150e-02 8.60368030e-03 2.50720126e-01
6.33000000e+02 5.26622492e-02 8.60320201e-03 2.50721019e-01
6.34000000e+02 5.26526834e-02 8.60272373e-03 2.50721911e-01
6.35000000e+02 5.26431177e-02 8.60224544e-03 2.50722804e-01
6.36000000e+02 5.26335519e-02 8.60176715e-03 2.50723696e-01
6.37000000e+02 5.26239862e-02 8.60128886e-03 2.50724588e-01
6.38000000e+02 5.26144204e-02 8.60081057e-03 2.50725481e-01
6.39000000e+02 5.26048547e-02 8.60033228e-03 2.50726373e-01
6.40000000e+02 5.25952889e-02 8.59985400e-03 2.50727266e-01
6.41000000e+02 5.26380203e-02 8.75560100e-03 2.50812633e-01
6.42000000e+02 5.26807517e-02 8.91134800e-03 2.50898000e-01
6.43000000e+02 5.27234831e-02 9.06709500e-03 2.50983367e-01
6.44000000e+02 5.27662145e-02 9.22284200e-03 2.51068735e-01
6.45000000e+02 5.28089459e-02 9.37858900e-03 2.51154102e-01
6.46000000e+02 5.28516773e-02 9.53433600e-03 2.51239469e-01
6.47000000e+02 5.28944087e-02 9.69008300e-03 2.51324836e-01
6.48000000e+02 5.29371401e-02 9.84583000e-03 2.51410203e-01
6.49000000e+02 5.29798716e-02 1.00015770e-02 2.51495571e-01
6.50000000e+02 5.30226030e-02 1.01573240e-02 2.51580938e-01
6.51000000e+02 5.30653344e-02 1.03130710e-02 2.51666305e-01
6.52000000e+02 5.31080658e-02 1.04688180e-02 2.51751672e-01
6.53000000e+02 5.31507972e-02 1.06245650e-02 2.51837039e-01
6.54000000e+02 5.31935286e-02 1.07803120e-02 2.51922407e-01
6.55000000e+02 5.32362600e-02 1.09360590e-02 2.52007774e-01
6.56000000e+02 5.32789914e-02 1.10918060e-02 2.52093141e-01
6.57000000e+02 5.33217228e-02 1.12475530e-02 2.52178508e-01
6.58000000e+02 5.33644542e-02 1.14033000e-02 2.52263876e-01
6.59000000e+02 5.34071856e-02 1.15590470e-02 2.52349243e-01
6.60000000e+02 5.34499170e-02 1.17147940e-02 2.52434610e-01
6.61000000e+02 5.35858763e-02 1.21047363e-02 2.52630021e-01
6.62000000e+02 5.37218357e-02 1.24946785e-02 2.52825432e-01
6.63000000e+02 5.38577950e-02 1.28846208e-02 2.53020843e-01
6.64000000e+02 5.39937543e-02 1.32745631e-02 2.53216254e-01
6.65000000e+02 5.41297136e-02 1.36645053e-02 2.53411664e-01
6.66000000e+02 5.42656730e-02 1.40544476e-02 2.53607075e-01
6.67000000e+02 5.44016323e-02 1.44443899e-02 2.53802486e-01
6.68000000e+02 5.45375916e-02 1.48343321e-02 2.53997897e-01
6.69000000e+02 5.46735510e-02 1.52242744e-02 2.54193308e-01
6.70000000e+02 5.48095103e-02 1.56142167e-02 2.54388719e-01
6.71000000e+02 5.49454696e-02 1.60041589e-02 2.54584130e-01
6.72000000e+02 5.50814290e-02 1.63941012e-02 2.54779541e-01
6.73000000e+02 5.52173883e-02 1.67840435e-02 2.54974952e-01
6.74000000e+02 5.53533476e-02 1.71739857e-02 2.55170363e-01
6.75000000e+02 5.54893070e-02 1.75639280e-02 2.55365774e-01
6.76000000e+02 5.56252663e-02 1.79538703e-02 2.55561184e-01
6.77000000e+02 5.57612256e-02 1.83438126e-02 2.55756595e-01
6.78000000e+02 5.58971849e-02 1.87337548e-02 2.55952006e-01
6.79000000e+02 5.60331443e-02 1.91236971e-02 2.56147417e-01
6.80000000e+02 5.61691036e-02 1.95136394e-02 2.56342828e-01
6.81000000e+02 5.63582799e-02 1.99877484e-02 2.56540356e-01
6.82000000e+02 5.65474562e-02 2.04618573e-02 2.56737885e-01
6.83000000e+02 5.67366325e-02 2.09359663e-02 2.56935413e-01
6.84000000e+02 5.69258088e-02 2.14100753e-02 2.57132941e-01
6.85000000e+02 5.71149850e-02 2.18841843e-02 2.57330469e-01
6.86000000e+02 5.73041613e-02 2.23582933e-02 2.57527998e-01
6.87000000e+02 5.74933376e-02 2.28324023e-02 2.57725526e-01
6.88000000e+02 5.76825139e-02 2.33065113e-02 2.57923054e-01
6.89000000e+02 5.78716902e-02 2.37806203e-02 2.58120582e-01
6.90000000e+02 5.80608665e-02 2.42547293e-02 2.58318111e-01
6.91000000e+02 5.82500428e-02 2.47288383e-02 2.58515639e-01
6.92000000e+02 5.84392191e-02 2.52029473e-02 2.58713167e-01
6.93000000e+02 5.86283954e-02 2.56770563e-02 2.58910695e-01
6.94000000e+02 5.88175716e-02 2.61511653e-02 2.59108224e-01
6.95000000e+02 5.90067479e-02 2.66252743e-02 2.59305752e-01
6.96000000e+02 5.91959242e-02 2.70993833e-02 2.59503280e-01
6.97000000e+02 5.93851005e-02 2.75734923e-02 2.59700808e-01
6.98000000e+02 5.95742768e-02 2.80476013e-02 2.59898337e-01
6.99000000e+02 5.97634531e-02 2.85217103e-02 2.60095865e-01
7.00000000e+02 5.99526294e-02 2.89958193e-02 2.60293393e-01
7.01000000e+02 6.01433483e-02 2.93242462e-02 2.60404917e-01
7.02000000e+02 6.03340671e-02 2.96526730e-02 2.60516440e-01
7.03000000e+02 6.05247860e-02 2.99810999e-02 2.60627964e-01
7.04000000e+02 6.07155049e-02 3.03095268e-02 2.60739487e-01
7.05000000e+02 6.09062238e-02 3.06379536e-02 2.60851011e-01
7.06000000e+02 6.10969427e-02 3.09663805e-02 2.60962534e-01
7.07000000e+02 6.12876615e-02 3.12948073e-02 2.61074058e-01
7.08000000e+02 6.14783804e-02 3.16232342e-02 2.61185581e-01
7.09000000e+02 6.16690993e-02 3.19516611e-02 2.61297105e-01
7.10000000e+02 6.18598182e-02 3.22800879e-02 2.61408628e-01
7.11000000e+02 6.20505371e-02 3.26085148e-02 2.61520152e-01
7.12000000e+02 6.22412560e-02 3.29369416e-02 2.61631675e-01
7.13000000e+02 6.24319748e-02 3.32653685e-02 2.61743199e-01
7.14000000e+02 6.26226937e-02 3.35937953e-02 2.61854722e-01
7.15000000e+02 6.28134126e-02 3.39222222e-02 2.61966246e-01
7.16000000e+02 6.30041315e-02 3.42506491e-02 2.62077769e-01
7.17000000e+02 6.31948504e-02 3.45790759e-02 2.62189293e-01
7.18000000e+02 6.33855692e-02 3.49075028e-02 2.62300817e-01
7.19000000e+02 6.35762881e-02 3.52359296e-02 2.62412340e-01
7.20000000e+02 6.37670070e-02 3.55643565e-02 2.62523864e-01
7.21000000e+02 6.39529533e-02 3.55712228e-02 2.62535662e-01
7.22000000e+02 6.41388996e-02 3.55780891e-02 2.62547460e-01
7.23000000e+02 6.43248459e-02 3.55849553e-02 2.62559258e-01
7.24000000e+02 6.45107921e-02 3.55918216e-02 2.62571056e-01
7.25000000e+02 6.46967384e-02 3.55986879e-02 2.62582854e-01
7.26000000e+02 6.48826847e-02 3.56055542e-02 2.62594652e-01
7.27000000e+02 6.50686310e-02 3.56124205e-02 2.62606450e-01
7.28000000e+02 6.52545772e-02 3.56192867e-02 2.62618248e-01
7.29000000e+02 6.54405235e-02 3.56261530e-02 2.62630046e-01
7.30000000e+02 6.56264698e-02 3.56330193e-02 2.62641844e-01
7.31000000e+02 6.58124161e-02 3.56398856e-02 2.62653642e-01
7.32000000e+02 6.59983624e-02 3.56467519e-02 2.62665440e-01
7.33000000e+02 6.61843086e-02 3.56536181e-02 2.62677238e-01
7.34000000e+02 6.63702549e-02 3.56604844e-02 2.62689036e-01
7.35000000e+02 6.65562012e-02 3.56673507e-02 2.62700834e-01
7.36000000e+02 6.67421475e-02 3.56742170e-02 2.62712632e-01
7.37000000e+02 6.69280938e-02 3.56810833e-02 2.62724430e-01
7.38000000e+02 6.71140400e-02 3.56879495e-02 2.62736228e-01
7.39000000e+02 6.72999863e-02 3.56948158e-02 2.62748026e-01
7.40000000e+02 6.74859326e-02 3.57016821e-02 2.62759824e-01
7.41000000e+02 6.76939791e-02 3.53713406e-02 2.62681305e-01
7.42000000e+02 6.79020255e-02 3.50409991e-02 2.62602786e-01
7.43000000e+02 6.81100720e-02 3.47106575e-02 2.62524267e-01
7.44000000e+02 6.83181184e-02 3.43803160e-02 2.62445748e-01
7.45000000e+02 6.85261649e-02 3.40499745e-02 2.62367229e-01
7.46000000e+02 6.87342113e-02 3.37196330e-02 2.62288710e-01
7.47000000e+02 6.89422578e-02 3.33892914e-02 2.62210191e-01
7.48000000e+02 6.91503043e-02 3.30589499e-02 2.62131672e-01
7.49000000e+02 6.93583507e-02 3.27286084e-02 2.62053153e-01
7.50000000e+02 6.95663972e-02 3.23982669e-02 2.61974634e-01
7.51000000e+02 6.97744436e-02 3.20679254e-02 2.61896115e-01
7.52000000e+02 6.99824901e-02 3.17375838e-02 2.61817596e-01
7.53000000e+02 7.01905366e-02 3.14072423e-02 2.61739077e-01
7.54000000e+02 7.03985830e-02 3.10769008e-02 2.61660558e-01
7.55000000e+02 7.06066295e-02 3.07465593e-02 2.61582039e-01
7.56000000e+02 7.08146759e-02 3.04162177e-02 2.61503520e-01
7.57000000e+02 7.10227224e-02 3.00858762e-02 2.61425001e-01
7.58000000e+02 7.12307689e-02 2.97555347e-02 2.61346482e-01
7.59000000e+02 7.14388153e-02 2.94251932e-02 2.61267963e-01
7.60000000e+02 7.16468618e-02 2.90948517e-02 2.61189444e-01
7.61000000e+02 7.18773287e-02 2.85945706e-02 2.61034095e-01
7.62000000e+02 7.21077956e-02 2.80942895e-02 2.60878746e-01
7.63000000e+02 7.23382625e-02 2.75940084e-02 2.60723397e-01
7.64000000e+02 7.25687294e-02 2.70937273e-02 2.60568048e-01
7.65000000e+02 7.27991963e-02 2.65934462e-02 2.60412699e-01
7.66000000e+02 7.30296631e-02 2.60931651e-02 2.60257350e-01
7.67000000e+02 7.32601300e-02 2.55928840e-02 2.60102001e-01
7.68000000e+02 7.34905969e-02 2.50926029e-02 2.59946652e-01
7.69000000e+02 7.37210638e-02 2.45923218e-02 2.59791303e-01
7.70000000e+02 7.39515307e-02 2.40920408e-02 2.59635954e-01
7.71000000e+02 7.41819976e-02 2.35917597e-02 2.59480604e-01
7.72000000e+02 7.44124645e-02 2.30914786e-02 2.59325255e-01
7.73000000e+02 7.46429314e-02 2.25911975e-02 2.59169906e-01
7.74000000e+02 7.48733983e-02 2.20909164e-02 2.59014557e-01
7.75000000e+02 7.51038652e-02 2.15906353e-02 2.58859208e-01
7.76000000e+02 7.53343321e-02 2.10903542e-02 2.58703859e-01
7.77000000e+02 7.55647990e-02 2.05900731e-02 2.58548510e-01
7.78000000e+02 7.57952659e-02 2.00897920e-02 2.58393161e-01
7.79000000e+02 7.60257328e-02 1.95895109e-02 2.58237812e-01
7.80000000e+02 7.62561997e-02 1.90892299e-02 2.58082463e-01
7.81000000e+02 7.64391614e-02 1.86736107e-02 2.57914193e-01
7.82000000e+02 7.66221232e-02 1.82579915e-02 2.57745923e-01
7.83000000e+02 7.68050850e-02 1.78423723e-02 2.57577654e-01
7.84000000e+02 7.69880468e-02 1.74267531e-02 2.57409384e-01
7.85000000e+02 7.71710086e-02 1.70111339e-02 2.57241114e-01
7.86000000e+02 7.73539704e-02 1.65955148e-02 2.57072845e-01
7.87000000e+02 7.75369322e-02 1.61798956e-02 2.56904575e-01
7.88000000e+02 7.77198939e-02 1.57642764e-02 2.56736305e-01
7.89000000e+02 7.79028557e-02 1.53486572e-02 2.56568035e-01
7.90000000e+02 7.80858175e-02 1.49330380e-02 2.56399766e-01
7.91000000e+02 7.82687793e-02 1.45174188e-02 2.56231496e-01
7.92000000e+02 7.84517411e-02 1.41017997e-02 2.56063226e-01
7.93000000e+02 7.86347029e-02 1.36861805e-02 2.55894957e-01
7.94000000e+02 7.88176647e-02 1.32705613e-02 2.55726687e-01
7.95000000e+02 7.90006265e-02 1.28549421e-02 2.55558417e-01
7.96000000e+02 7.91835882e-02 1.24393229e-02 2.55390147e-01
7.97000000e+02 7.93665500e-02 1.20237037e-02 2.55221878e-01
7.98000000e+02 7.95495118e-02 1.16080846e-02 2.55053608e-01
7.99000000e+02 7.97324736e-02 1.11924654e-02 2.54885338e-01
8.00000000e+02 7.99154354e-02 1.07768462e-02 2.54717069e-01
8.01000000e+02 7.99734725e-02 1.06122556e-02 2.54634961e-01
8.02000000e+02 8.00315096e-02 1.04476650e-02 2.54552854e-01
8.03000000e+02 8.00895467e-02 1.02830743e-02 2.54470747e-01
8.04000000e+02 8.01475839e-02 1.01184837e-02 2.54388640e-01
8.05000000e+02 8.02056210e-02 9.95389309e-03 2.54306532e-01
8.06000000e+02 8.02636581e-02 9.78930247e-03 2.54224425e-01
8.07000000e+02 8.03216952e-02 9.62471185e-03 2.54142318e-01
8.08000000e+02 8.03797323e-02 9.46012123e-03 2.54060211e-01
8.09000000e+02 8.04377694e-02 9.29553061e-03 2.53978104e-01
8.10000000e+02 8.04958066e-02 9.13093999e-03 2.53895996e-01
8.11000000e+02 8.05538437e-02 8.96634937e-03 2.53813889e-01
8.12000000e+02 8.06118808e-02 8.80175875e-03 2.53731782e-01
8.13000000e+02 8.06699179e-02 8.63716813e-03 2.53649675e-01
8.14000000e+02 8.07279550e-02 8.47257751e-03 2.53567567e-01
8.15000000e+02 8.07859922e-02 8.30798688e-03 2.53485460e-01
8.16000000e+02 8.08440293e-02 8.14339626e-03 2.53403353e-01
8.17000000e+02 8.09020664e-02 7.97880564e-03 2.53321246e-01
8.18000000e+02 8.09601035e-02 7.81421502e-03 2.53239139e-01
8.19000000e+02 8.10181406e-02 7.64962440e-03 2.53157031e-01
8.20000000e+02 8.10761777e-02 7.48503378e-03 2.53074924e-01
8.21000000e+02 8.10505036e-02 7.49143043e-03 2.53074107e-01
8.22000000e+02 8.10248295e-02 7.49782708e-03 2.53073291e-01
8.23000000e+02 8.09991554e-02 7.50422373e-03 2.53072474e-01
8.24000000e+02 8.09734813e-02 7.51062038e-03 2.53071657e-01
8.25000000e+02 8.09478072e-02 7.51701702e-03 2.53070841e-01
8.26000000e+02 8.09221331e-02 7.52341367e-03 2.53070024e-01
8.27000000e+02 8.08964590e-02 7.52981032e-03 2.53069208e-01
8.28000000e+02 8.08707849e-02 7.53620697e-03 2.53068391e-01
8.29000000e+02 8.08451107e-02 7.54260362e-03 2.53067574e-01
8.30000000e+02 8.08194366e-02 7.54900027e-03 2.53066758e-01
8.31000000e+02 8.07937625e-02 7.55539691e-03 2.53065941e-01
8.32000000e+02 8.07680884e-02 7.56179356e-03 2.53065124e-01
8.33000000e+02 8.07424143e-02 7.56819021e-03 2.53064308e-01
8.34000000e+02 8.07167402e-02 7.57458686e-03 2.53063491e-01
8.35000000e+02 8.06910661e-02 7.58098351e-03 2.53062674e-01
8.36000000e+02 8.06653920e-02 7.58738016e-03 2.53061858e-01
8.37000000e+02 8.06397179e-02 7.59377681e-03 2.53061041e-01
8.38000000e+02 8.06140438e-02 7.60017345e-03 2.53060225e-01
8.39000000e+02 8.05883696e-02 7.60657010e-03 2.53059408e-01
8.40000000e+02 8.05626955e-02 7.61296675e-03 2.53058591e-01
8.41000000e+02 8.05403237e-02 7.61815235e-03 2.53058009e-01
8.42000000e+02 8.05179519e-02 7.62333795e-03 2.53057427e-01
8.43000000e+02 8.04955801e-02 7.62852356e-03 2.53056845e-01
8.44000000e+02 8.04732083e-02 7.63370916e-03 2.53056262e-01
8.45000000e+02 8.04508365e-02 7.63889476e-03 2.53055680e-01
8.46000000e+02 8.04284647e-02 7.64408036e-03 2.53055098e-01
8.47000000e+02 8.04060929e-02 7.64926596e-03 2.53054516e-01
8.48000000e+02 8.03837211e-02 7.65445156e-03 2.53053934e-01
8.49000000e+02 8.03613493e-02 7.65963716e-03 2.53053351e-01
8.50000000e+02 8.03389775e-02 7.66482277e-03 2.53052769e-01
8.51000000e+02 8.03166057e-02 7.67000837e-03 2.53052187e-01
8.52000000e+02 8.02942339e-02 7.67519397e-03 2.53051605e-01
8.53000000e+02 8.02718621e-02 7.68037957e-03 2.53051023e-01
8.54000000e+02 8.02494903e-02 7.68556517e-03 2.53050440e-01
8.55000000e+02 8.02271185e-02 7.69075077e-03 2.53049858e-01
8.56000000e+02 8.02047467e-02 7.69593638e-03 2.53049276e-01
8.57000000e+02 8.01823749e-02 7.70112198e-03 2.53048694e-01
8.58000000e+02 8.01600031e-02 7.70630758e-03 2.53048112e-01
8.59000000e+02 8.01376313e-02 7.71149318e-03 2.53047529e-01
8.60000000e+02 8.01152595e-02 7.71667878e-03 2.53046947e-01
8.61000000e+02 8.00955886e-02 7.72091591e-03 2.53046563e-01
8.62000000e+02 8.00759178e-02 7.72515303e-03 2.53046178e-01
8.63000000e+02 8.00562469e-02 7.72939016e-03 2.53045794e-01
8.64000000e+02 8.00365761e-02 7.73362728e-03 2.53045409e-01
8.65000000e+02 8.00169052e-02 7.73786441e-03 2.53045025e-01
8.66000000e+02 7.99972344e-02 7.74210153e-03 2.53044640e-01
8.67000000e+02 7.99775635e-02 7.74633866e-03 2.53044256e-01
8.68000000e+02 7.99578927e-02 7.75057578e-03 2.53043871e-01
8.69000000e+02 7.99382218e-02 7.75481291e-03 2.53043487e-01
8.70000000e+02 7.99185510e-02 7.75905003e-03 2.53043102e-01
8.71000000e+02 7.98988801e-02 7.76328716e-03 2.53042718e-01
8.72000000e+02 7.98792093e-02 7.76752428e-03 2.53042333e-01
8.73000000e+02 7.98595384e-02 7.77176141e-03 2.53041949e-01
8.74000000e+02 7.98398676e-02 7.77599853e-03 2.53041564e-01
8.75000000e+02 7.98201967e-02 7.78023566e-03 2.53041180e-01
8.76000000e+02 7.98005259e-02 7.78447279e-03 2.53040795e-01
8.77000000e+02 7.97808550e-02 7.78870991e-03 2.53040411e-01
8.78000000e+02 7.97611842e-02 7.79294704e-03 2.53040026e-01
8.79000000e+02 7.97415133e-02 7.79718416e-03 2.53039642e-01
8.80000000e+02 7.97218425e-02 7.80142129e-03 2.53039257e-01
8.81000000e+02 7.97043929e-02 7.80491006e-03 2.53039035e-01
8.82000000e+02 7.96869434e-02 7.80839884e-03 2.53038813e-01
8.83000000e+02 7.96694939e-02 7.81188761e-03 2.53038591e-01
8.84000000e+02 7.96520443e-02 7.81537638e-03 2.53038370e-01
8.85000000e+02 7.96345948e-02 7.81886516e-03 2.53038148e-01
8.86000000e+02 7.96171452e-02 7.82235393e-03 2.53037926e-01
8.87000000e+02 7.95996957e-02 7.82584271e-03 2.53037704e-01
8.88000000e+02 7.95822462e-02 7.82933148e-03 2.53037482e-01
8.89000000e+02 7.95647966e-02 7.83282026e-03 2.53037260e-01
8.90000000e+02 7.95473471e-02 7.83630903e-03 2.53037038e-01
8.91000000e+02 7.95298975e-02 7.83979781e-03 2.53036816e-01
8.92000000e+02 7.95124480e-02 7.84328658e-03 2.53036594e-01
8.93000000e+02 7.94949985e-02 7.84677535e-03 2.53036372e-01
8.94000000e+02 7.94775489e-02 7.85026413e-03 2.53036150e-01
8.95000000e+02 7.94600994e-02 7.85375290e-03 2.53035929e-01
8.96000000e+02 7.94426498e-02 7.85724168e-03 2.53035707e-01
8.97000000e+02 7.94252003e-02 7.86073045e-03 2.53035485e-01
8.98000000e+02 7.94077508e-02 7.86421923e-03 2.53035263e-01
8.99000000e+02 7.93903012e-02 7.86770800e-03 2.53035041e-01
9.00000000e+02 7.93728517e-02 7.87119678e-03 2.53034819e-01
9.01000000e+02 7.93572399e-02 7.87409118e-03 2.53034728e-01
9.02000000e+02 7.93416281e-02 7.87698558e-03 2.53034637e-01
9.03000000e+02 7.93260163e-02 7.87987999e-03 2.53034546e-01
9.04000000e+02 7.93104045e-02 7.88277439e-03 2.53034456e-01
9.05000000e+02 7.92947927e-02 7.88566879e-03 2.53034365e-01
9.06000000e+02 7.92791809e-02 7.88856320e-03 2.53034274e-01
9.07000000e+02 7.92635691e-02 7.89145760e-03 2.53034183e-01
9.08000000e+02 7.92479573e-02 7.89435200e-03 2.53034092e-01
9.09000000e+02 7.92323455e-02 7.89724641e-03 2.53034001e-01
9.10000000e+02 7.92167337e-02 7.90014081e-03 2.53033910e-01
9.11000000e+02 7.92011219e-02 7.90303521e-03 2.53033819e-01
9.12000000e+02 7.91855101e-02 7.90592962e-03 2.53033729e-01
9.13000000e+02 7.91698983e-02 7.90882402e-03 2.53033638e-01
9.14000000e+02 7.91542865e-02 7.91171842e-03 2.53033547e-01
9.15000000e+02 7.91386747e-02 7.91461283e-03 2.53033456e-01
9.16000000e+02 7.91230629e-02 7.91750723e-03 2.53033365e-01
9.17000000e+02 7.91074511e-02 7.92040163e-03 2.53033274e-01
9.18000000e+02 7.90918393e-02 7.92329604e-03 2.53033183e-01
9.19000000e+02 7.90762275e-02 7.92619044e-03 2.53033092e-01
9.20000000e+02 7.90606157e-02 7.92908484e-03 2.53033002e-01
9.21000000e+02 7.90465341e-02 7.93150436e-03 2.53033014e-01
9.22000000e+02 7.90324525e-02 7.93392387e-03 2.53033027e-01
9.23000000e+02 7.90183709e-02 7.93634338e-03 2.53033040e-01
9.24000000e+02 7.90042894e-02 7.93876289e-03 2.53033053e-01
9.25000000e+02 7.89902078e-02 7.94118241e-03 2.53033066e-01
9.26000000e+02 7.89761262e-02 7.94360192e-03 2.53033078e-01
9.27000000e+02 7.89620446e-02 7.94602143e-03 2.53033091e-01
9.28000000e+02 7.89479630e-02 7.94844095e-03 2.53033104e-01
9.29000000e+02 7.89338814e-02 7.95086046e-03 2.53033117e-01
9.30000000e+02 7.89197998e-02 7.95327997e-03 2.53033130e-01
9.31000000e+02 7.89057183e-02 7.95569948e-03 2.53033142e-01
9.32000000e+02 7.88916367e-02 7.95811900e-03 2.53033155e-01
9.33000000e+02 7.88775551e-02 7.96053851e-03 2.53033168e-01
9.34000000e+02 7.88634735e-02 7.96295802e-03 2.53033181e-01
9.35000000e+02 7.88493919e-02 7.96537753e-03 2.53033194e-01
9.36000000e+02 7.88353103e-02 7.96779705e-03 2.53033206e-01
9.37000000e+02 7.88212288e-02 7.97021656e-03 2.53033219e-01
9.38000000e+02 7.88071472e-02 7.97263607e-03 2.53033232e-01
9.39000000e+02 7.87930656e-02 7.97505559e-03 2.53033245e-01
9.40000000e+02 7.87789840e-02 7.97747510e-03 2.53033258e-01
9.41000000e+02 7.87661855e-02 7.97951312e-03 2.53033351e-01
9.42000000e+02 7.87533869e-02 7.98155115e-03 2.53033444e-01
9.43000000e+02 7.87405884e-02 7.98358917e-03 2.53033538e-01
9.44000000e+02 7.87277898e-02 7.98562720e-03 2.53033631e-01
9.45000000e+02 7.87149913e-02 7.98766522e-03 2.53033724e-01
9.46000000e+02 7.87021928e-02 7.98970325e-03 2.53033818e-01
9.47000000e+02 7.86893942e-02 7.99174127e-03 2.53033911e-01
9.48000000e+02 7.86765957e-02 7.99377930e-03 2.53034004e-01
9.49000000e+02 7.86637971e-02 7.99581732e-03 2.53034098e-01
9.50000000e+02 7.86509986e-02 7.99785535e-03 2.53034191e-01
9.51000000e+02 7.86382001e-02 7.99989337e-03 2.53034285e-01
9.52000000e+02 7.86254015e-02 8.00193140e-03 2.53034378e-01
9.53000000e+02 7.86126030e-02 8.00396942e-03 2.53034471e-01
9.54000000e+02 7.85998044e-02 8.00600745e-03 2.53034565e-01
9.55000000e+02 7.85870059e-02 8.00804547e-03 2.53034658e-01
9.56000000e+02 7.85742073e-02 8.01008350e-03 2.53034751e-01
9.57000000e+02 7.85614088e-02 8.01212152e-03 2.53034845e-01
9.58000000e+02 7.85486103e-02 8.01415955e-03 2.53034938e-01
9.59000000e+02 7.85358117e-02 8.01619757e-03 2.53035031e-01
9.60000000e+02 7.85230132e-02 8.01823560e-03 2.53035125e-01
9.61000000e+02 7.85112985e-02 8.01996562e-03 2.53035279e-01
9.62000000e+02 7.84995838e-02 8.02169565e-03 2.53035434e-01
9.63000000e+02 7.84878691e-02 8.02342568e-03 2.53035589e-01
9.64000000e+02 7.84761544e-02 8.02515571e-03 2.53035744e-01
9.65000000e+02 7.84644397e-02 8.02688573e-03 2.53035898e-01
9.66000000e+02 7.84527250e-02 8.02861576e-03 2.53036053e-01
9.67000000e+02 7.84410103e-02 8.03034579e-03 2.53036208e-01
9.68000000e+02 7.84292956e-02 8.03207581e-03 2.53036363e-01
9.69000000e+02 7.84175809e-02 8.03380584e-03 2.53036517e-01
9.70000000e+02 7.84058663e-02 8.03553587e-03 2.53036672e-01
9.71000000e+02 7.83941516e-02 8.03726589e-03 2.53036827e-01
9.72000000e+02 7.83824369e-02 8.03899592e-03 2.53036982e-01
9.73000000e+02 7.83707222e-02 8.04072595e-03 2.53037136e-01
9.74000000e+02 7.83590075e-02 8.04245597e-03 2.53037291e-01
9.75000000e+02 7.83472928e-02 8.04418600e-03 2.53037446e-01
9.76000000e+02 7.83355781e-02 8.04591603e-03 2.53037600e-01
9.77000000e+02 7.83238634e-02 8.04764605e-03 2.53037755e-01
9.78000000e+02 7.83121487e-02 8.04937608e-03 2.53037910e-01
9.79000000e+02 7.83004340e-02 8.05110611e-03 2.53038065e-01
9.80000000e+02 7.82887193e-02 8.05283613e-03 2.53038219e-01
9.81000000e+02 7.83055155e-02 8.09717857e-03 2.53061605e-01
9.82000000e+02 7.83223117e-02 8.14152100e-03 2.53084990e-01
9.83000000e+02 7.83391079e-02 8.18586343e-03 2.53108375e-01
9.84000000e+02 7.83559041e-02 8.23020586e-03 2.53131761e-01
9.85000000e+02 7.83727002e-02 8.27454829e-03 2.53155146e-01
9.86000000e+02 7.83894964e-02 8.31889072e-03 2.53178531e-01
9.87000000e+02 7.84062926e-02 8.36323316e-03 2.53201917e-01
9.88000000e+02 7.84230888e-02 8.40757559e-03 2.53225302e-01
9.89000000e+02 7.84398850e-02 8.45191802e-03 2.53248687e-01
9.90000000e+02 7.84566812e-02 8.49626045e-03 2.53272072e-01
9.91000000e+02 7.84734774e-02 8.54060288e-03 2.53295458e-01
9.92000000e+02 7.84902735e-02 8.58494531e-03 2.53318843e-01
9.93000000e+02 7.85070697e-02 8.62928774e-03 2.53342228e-01
9.94000000e+02 7.85238659e-02 8.67363018e-03 2.53365614e-01
9.95000000e+02 7.85406621e-02 8.71797261e-03 2.53388999e-01
9.96000000e+02 7.85574583e-02 8.76231504e-03 2.53412384e-01
9.97000000e+02 7.85742545e-02 8.80665747e-03 2.53435770e-01
9.98000000e+02 7.85910507e-02 8.85099990e-03 2.53459155e-01
9.99000000e+02 7.86078468e-02 8.89534233e-03 2.53482540e-01
1.00000000e+03 7.86246430e-02 8.93968476e-03 2.53505926e-01
1.00100000e+03 7.87847288e-02 9.19906425e-03 2.53640272e-01
1.00200000e+03 7.89448145e-02 9.45844373e-03 2.53774618e-01
1.00300000e+03 7.91049003e-02 9.71782322e-03 2.53908964e-01
1.00400000e+03 7.92649860e-02 9.97720270e-03 2.54043310e-01
1.00500000e+03 7.94250717e-02 1.02365822e-02 2.54177657e-01
1.00600000e+03 7.95851575e-02 1.04959617e-02 2.54312003e-01
1.00700000e+03 7.97452432e-02 1.07553412e-02 2.54446349e-01
1.00800000e+03 7.99053290e-02 1.10147206e-02 2.54580695e-01
1.00900000e+03 8.00654147e-02 1.12741001e-02 2.54715042e-01
1.01000000e+03 8.02255005e-02 1.15334796e-02 2.54849388e-01
1.01100000e+03 8.03855862e-02 1.17928591e-02 2.54983734e-01
1.01200000e+03 8.05456719e-02 1.20522386e-02 2.55118080e-01
1.01300000e+03 8.07057577e-02 1.23116181e-02 2.55252427e-01
1.01400000e+03 8.08658434e-02 1.25709975e-02 2.55386773e-01
1.01500000e+03 8.10259292e-02 1.28303770e-02 2.55521119e-01
1.01600000e+03 8.11860149e-02 1.30897565e-02 2.55655465e-01
1.01700000e+03 8.13461007e-02 1.33491360e-02 2.55789812e-01
1.01800000e+03 8.15061864e-02 1.36085155e-02 2.55924158e-01
1.01900000e+03 8.16662721e-02 1.38678950e-02 2.56058504e-01
1.02000000e+03 8.18263579e-02 1.41272745e-02 2.56192850e-01
1.02100000e+03 8.20992787e-02 1.45451418e-02 2.56378218e-01
1.02200000e+03 8.23721996e-02 1.49630091e-02 2.56563585e-01
1.02300000e+03 8.26451205e-02 1.53808764e-02 2.56748952e-01
1.02400000e+03 8.29180413e-02 1.57987437e-02 2.56934320e-01
1.02500000e+03 8.31909622e-02 1.62166110e-02 2.57119687e-01
1.02600000e+03 8.34638830e-02 1.66344783e-02 2.57305054e-01
1.02700000e+03 8.37368039e-02 1.70523456e-02 2.57490422e-01
1.02800000e+03 8.40097247e-02 1.74702129e-02 2.57675789e-01
1.02900000e+03 8.42826456e-02 1.78880802e-02 2.57861156e-01
1.03000000e+03 8.45555664e-02 1.83059475e-02 2.58046524e-01
1.03100000e+03 8.48284873e-02 1.87238148e-02 2.58231891e-01
1.03200000e+03 8.51014081e-02 1.91416821e-02 2.58417258e-01
1.03300000e+03 8.53743290e-02 1.95595494e-02 2.58602626e-01
1.03400000e+03 8.56472498e-02 1.99774167e-02 2.58787993e-01
1.03500000e+03 8.59201707e-02 2.03952840e-02 2.58973360e-01
1.03600000e+03 8.61930916e-02 2.08131513e-02 2.59158728e-01
1.03700000e+03 8.64660124e-02 2.12310186e-02 2.59344095e-01
1.03800000e+03 8.67389333e-02 2.16488859e-02 2.59529462e-01
1.03900000e+03 8.70118541e-02 2.20667532e-02 2.59714830e-01
1.04000000e+03 8.72847750e-02 2.24846205e-02 2.59900197e-01
1.04100000e+03 8.75638988e-02 2.28546732e-02 2.60024905e-01
1.04200000e+03 8.78430227e-02 2.32247258e-02 2.60149613e-01
1.04300000e+03 8.81221466e-02 2.35947784e-02 2.60274321e-01
1.04400000e+03 8.84012705e-02 2.39648310e-02 2.60399029e-01
1.04500000e+03 8.86803944e-02 2.43348836e-02 2.60523737e-01
1.04600000e+03 8.89595182e-02 2.47049363e-02 2.60648445e-01
1.04700000e+03 8.92386421e-02 2.50749889e-02 2.60773153e-01
1.04800000e+03 8.95177660e-02 2.54450415e-02 2.60897861e-01
1.04900000e+03 8.97968899e-02 2.58150941e-02 2.61022569e-01
1.05000000e+03 9.00760137e-02 2.61851467e-02 2.61147278e-01
1.05100000e+03 9.03551376e-02 2.65551994e-02 2.61271986e-01
1.05200000e+03 9.06342615e-02 2.69252520e-02 2.61396694e-01
1.05300000e+03 9.09133854e-02 2.72953046e-02 2.61521402e-01
1.05400000e+03 9.11925092e-02 2.76653572e-02 2.61646110e-01
1.05500000e+03 9.14716331e-02 2.80354098e-02 2.61770818e-01
1.05600000e+03 9.17507570e-02 2.84054625e-02 2.61895526e-01
1.05700000e+03 9.20298809e-02 2.87755151e-02 2.62020234e-01
1.05800000e+03 9.23090048e-02 2.91455677e-02 2.62144942e-01
1.05900000e+03 9.25881286e-02 2.95156203e-02 2.62269650e-01
1.06000000e+03 9.28672525e-02 2.98856729e-02 2.62394358e-01
1.06100000e+03 9.30772036e-02 2.99896991e-02 2.62412751e-01
1.06200000e+03 9.32871548e-02 3.00937253e-02 2.62431144e-01
1.06300000e+03 9.34971059e-02 3.01977514e-02 2.62449537e-01
1.06400000e+03 9.37070570e-02 3.03017776e-02 2.62467930e-01
1.06500000e+03 9.39170081e-02 3.04058038e-02 2.62486323e-01
1.06600000e+03 9.41269593e-02 3.05098299e-02 2.62504715e-01
1.06700000e+03 9.43369104e-02 3.06138561e-02 2.62523108e-01
1.06800000e+03 9.45468615e-02 3.07178822e-02 2.62541501e-01
1.06900000e+03 9.47568127e-02 3.08219084e-02 2.62559894e-01
1.07000000e+03 9.49667638e-02 3.09259346e-02 2.62578287e-01
1.07100000e+03 9.51767149e-02 3.10299607e-02 2.62596680e-01
1.07200000e+03 9.53866660e-02 3.11339869e-02 2.62615073e-01
1.07300000e+03 9.55966172e-02 3.12380131e-02 2.62633466e-01
1.07400000e+03 9.58065683e-02 3.13420392e-02 2.62651859e-01
1.07500000e+03 9.60165194e-02 3.14460654e-02 2.62670251e-01
1.07600000e+03 9.62264706e-02 3.15500916e-02 2.62688644e-01
1.07700000e+03 9.64364217e-02 3.16541177e-02 2.62707037e-01
1.07800000e+03 9.66463728e-02 3.17581439e-02 2.62725430e-01
1.07900000e+03 9.68563239e-02 3.18621701e-02 2.62743823e-01
1.08000000e+03 9.70662751e-02 3.19661962e-02 2.62762216e-01
1.08100000e+03 9.72137482e-02 3.17260063e-02 2.62684040e-01
1.08200000e+03 9.73612213e-02 3.14858165e-02 2.62605864e-01
1.08300000e+03 9.75086944e-02 3.12456266e-02 2.62527688e-01
1.08400000e+03 9.76561675e-02 3.10054367e-02 2.62449512e-01
1.08500000e+03 9.78036406e-02 3.07652469e-02 2.62371335e-01
1.08600000e+03 9.79511137e-02 3.05250570e-02 2.62293159e-01
1.08700000e+03 9.80985869e-02 3.02848671e-02 2.62214983e-01
1.08800000e+03 9.82460600e-02 3.00446773e-02 2.62136807e-01
1.08900000e+03 9.83935331e-02 2.98044874e-02 2.62058631e-01
1.09000000e+03 9.85410062e-02 2.95642975e-02 2.61980455e-01
1.09100000e+03 9.86884793e-02 2.93241076e-02 2.61902279e-01
1.09200000e+03 9.88359524e-02 2.90839178e-02 2.61824103e-01
1.09300000e+03 9.89834255e-02 2.88437279e-02 2.61745927e-01
1.09400000e+03 9.91308986e-02 2.86035380e-02 2.61667751e-01
1.09500000e+03 9.92783718e-02 2.83633482e-02 2.61589574e-01
1.09600000e+03 9.94258449e-02 2.81231583e-02 2.61511398e-01
1.09700000e+03 9.95733180e-02 2.78829684e-02 2.61433222e-01
1.09800000e+03 9.97207911e-02 2.76427786e-02 2.61355046e-01
1.09900000e+03 9.98682642e-02 2.74025887e-02 2.61276870e-01
1.10000000e+03 1.00015737e-01 2.71623988e-02 2.61198694e-01
1.10100000e+03 1.00137649e-01 2.66927877e-02 2.61035244e-01
1.10200000e+03 1.00259561e-01 2.62231765e-02 2.60871794e-01
1.10300000e+03 1.00381472e-01 2.57535654e-02 2.60708345e-01
1.10400000e+03 1.00503384e-01 2.52839543e-02 2.60544895e-01
1.10500000e+03 1.00625296e-01 2.48143431e-02 2.60381445e-01
1.10600000e+03 1.00747207e-01 2.43447320e-02 2.60217995e-01
1.10700000e+03 1.00869119e-01 2.38751208e-02 2.60054545e-01
1.10800000e+03 1.00991030e-01 2.34055097e-02 2.59891096e-01
1.10900000e+03 1.01112942e-01 2.29358985e-02 2.59727646e-01
1.11000000e+03 1.01234854e-01 2.24662874e-02 2.59564196e-01
1.11100000e+03 1.01356765e-01 2.19966763e-02 2.59400746e-01
1.11200000e+03 1.01478677e-01 2.15270651e-02 2.59237296e-01
1.11300000e+03 1.01600589e-01 2.10574540e-02 2.59073846e-01
1.11400000e+03 1.01722500e-01 2.05878428e-02 2.58910397e-01
1.11500000e+03 1.01844412e-01 2.01182317e-02 2.58746947e-01
1.11600000e+03 1.01966324e-01 1.96486205e-02 2.58583497e-01
1.11700000e+03 1.02088235e-01 1.91790094e-02 2.58420047e-01
1.11800000e+03 1.02210147e-01 1.87093983e-02 2.58256597e-01
1.11900000e+03 1.02332059e-01 1.82397871e-02 2.58093148e-01
1.12000000e+03 1.02453970e-01 1.77701760e-02 2.57929698e-01
1.12100000e+03 1.02553997e-01 1.72975347e-02 2.57720652e-01
1.12200000e+03 1.02654024e-01 1.68248935e-02 2.57511607e-01
1.12300000e+03 1.02754051e-01 1.63522522e-02 2.57302562e-01
1.12400000e+03 1.02854078e-01 1.58796109e-02 2.57093516e-01
1.12500000e+03 1.02954105e-01 1.54069697e-02 2.56884471e-01
1.12600000e+03 1.03054132e-01 1.49343284e-02 2.56675426e-01
1.12700000e+03 1.03154159e-01 1.44616872e-02 2.56466380e-01
1.12800000e+03 1.03254186e-01 1.39890459e-02 2.56257335e-01
1.12900000e+03 1.03354213e-01 1.35164046e-02 2.56048290e-01
1.13000000e+03 1.03454240e-01 1.30437634e-02 2.55839244e-01
1.13100000e+03 1.03554267e-01 1.25711221e-02 2.55630199e-01
1.13200000e+03 1.03654294e-01 1.20984808e-02 2.55421153e-01
1.13300000e+03 1.03754321e-01 1.16258396e-02 2.55212108e-01
1.13400000e+03 1.03854348e-01 1.11531983e-02 2.55003063e-01
1.13500000e+03 1.03954375e-01 1.06805571e-02 2.54794017e-01
1.13600000e+03 1.04054402e-01 1.02079158e-02 2.54584972e-01
1.13700000e+03 1.04154429e-01 9.73527454e-03 2.54375927e-01
1.13800000e+03 1.04254456e-01 9.26263328e-03 2.54166881e-01
1.13900000e+03 1.04354483e-01 8.78999202e-03 2.53957836e-01
1.14000000e+03 1.04454510e-01 8.31735076e-03 2.53748791e-01
1.14100000e+03 1.04500856e-01 8.03793108e-03 2.53593775e-01
1.14200000e+03 1.04547202e-01 7.75851140e-03 2.53438759e-01
1.14300000e+03 1.04593548e-01 7.47909172e-03 2.53283743e-01
1.14400000e+03 1.04639894e-01 7.19967205e-03 2.53128727e-01
1.14500000e+03 1.04686240e-01 6.92025237e-03 2.52973711e-01
1.14600000e+03 1.04732587e-01 6.64083269e-03 2.52818695e-01
1.14700000e+03 1.04778933e-01 6.36141301e-03 2.52663679e-01
1.14800000e+03 1.04825279e-01 6.08199333e-03 2.52508664e-01
1.14900000e+03 1.04871625e-01 5.80257365e-03 2.52353648e-01
1.15000000e+03 1.04917971e-01 5.52315398e-03 2.52198632e-01
1.15100000e+03 1.04964317e-01 5.24373430e-03 2.52043616e-01
1.15200000e+03 1.05010663e-01 4.96431462e-03 2.51888600e-01
1.15300000e+03 1.05057009e-01 4.68489494e-03 2.51733584e-01
1.15400000e+03 1.05103355e-01 4.40547526e-03 2.51578568e-01
1.15500000e+03 1.05149701e-01 4.12605558e-03 2.51423552e-01
1.15600000e+03 1.05196047e-01 3.84663591e-03 2.51268537e-01
1.15700000e+03 1.05242393e-01 3.56721623e-03 2.51113521e-01
1.15800000e+03 1.05288739e-01 3.28779655e-03 2.50958505e-01
1.15900000e+03 1.05335085e-01 3.00837687e-03 2.50803489e-01
1.16000000e+03 1.05381431e-01 2.72895719e-03 2.50648473e-01
1.16100000e+03 1.05360463e-01 2.68330842e-03 2.50616001e-01
1.16200000e+03 1.05339494e-01 2.63765965e-03 2.50583529e-01
1.16300000e+03 1.05318525e-01 2.59201087e-03 2.50551057e-01
1.16400000e+03 1.05297557e-01 2.54636210e-03 2.50518585e-01
1.16500000e+03 1.05276588e-01 2.50071332e-03 2.50486112e-01
1.16600000e+03 1.05255619e-01 2.45506455e-03 2.50453640e-01
1.16700000e+03 1.05234651e-01 2.40941578e-03 2.50421168e-01
1.16800000e+03 1.05213682e-01 2.36376700e-03 2.50388696e-01
1.16900000e+03 1.05192713e-01 2.31811823e-03 2.50356224e-01
1.17000000e+03 1.05171745e-01 2.27246946e-03 2.50323752e-01
1.17100000e+03 1.05150776e-01 2.22682068e-03 2.50291280e-01
1.17200000e+03 1.05129807e-01 2.18117191e-03 2.50258807e-01
1.17300000e+03 1.05108839e-01 2.13552314e-03 2.50226335e-01
1.17400000e+03 1.05087870e-01 2.08987436e-03 2.50193863e-01
1.17500000e+03 1.05066901e-01 2.04422559e-03 2.50161391e-01
1.17600000e+03 1.05045933e-01 1.99857681e-03 2.50128919e-01
1.17700000e+03 1.05024964e-01 1.95292804e-03 2.50096447e-01
1.17800000e+03 1.05003995e-01 1.90727927e-03 2.50063975e-01
1.17900000e+03 1.04983027e-01 1.86163049e-03 2.50031503e-01
1.18000000e+03 1.04962058e-01 1.81598172e-03 2.49999030e-01
1.18100000e+03 1.04930282e-01 1.81960674e-03 2.49996839e-01
1.18200000e+03 1.04898505e-01 1.82323175e-03 2.49994647e-01
1.18300000e+03 1.04866729e-01 1.82685677e-03 2.49992456e-01
1.18400000e+03 1.04834952e-01 1.83048179e-03 2.49990264e-01
1.18500000e+03 1.04803176e-01 1.83410680e-03 2.49988072e-01
1.18600000e+03 1.04771400e-01 1.83773182e-03 2.49985881e-01
1.18700000e+03 1.04739623e-01 1.84135684e-03 2.49983689e-01
1.18800000e+03 1.04707847e-01 1.84498185e-03 2.49981498e-01
1.18900000e+03 1.04676070e-01 1.84860687e-03 2.49979306e-01
1.19000000e+03 1.04644294e-01 1.85223189e-03 2.49977114e-01
1.19100000e+03 1.04612517e-01 1.85585690e-03 2.49974923e-01
1.19200000e+03 1.04580741e-01 1.85948192e-03 2.49972731e-01
1.19300000e+03 1.04548965e-01 1.86310693e-03 2.49970540e-01
1.19400000e+03 1.04517188e-01 1.86673195e-03 2.49968348e-01
1.19500000e+03 1.04485412e-01 1.87035697e-03 2.49966156e-01
1.19600000e+03 1.04453635e-01 1.87398198e-03 2.49963965e-01
1.19700000e+03 1.04421859e-01 1.87760700e-03 2.49961773e-01
1.19800000e+03 1.04390083e-01 1.88123202e-03 2.49959582e-01
1.19900000e+03 1.04358306e-01 1.88485703e-03 2.49957390e-01
1.20000000e+03 1.04326530e-01 1.88848205e-03 2.49955199e-01
1.20100000e+03 1.04298584e-01 1.89101095e-03 2.49953048e-01
1.20200000e+03 1.04270638e-01 1.89353986e-03 2.49950897e-01
1.20300000e+03 1.04242692e-01 1.89606876e-03 2.49948746e-01
1.20400000e+03 1.04214747e-01 1.89859766e-03 2.49946596e-01
1.20500000e+03 1.04186801e-01 1.90112656e-03 2.49944445e-01
1.20600000e+03 1.04158855e-01 1.90365547e-03 2.49942294e-01
1.20700000e+03 1.04130910e-01 1.90618437e-03 2.49940143e-01
1.20800000e+03 1.04102964e-01 1.90871327e-03 2.49937992e-01
1.20900000e+03 1.04075018e-01 1.91124217e-03 2.49935842e-01
1.21000000e+03 1.04047072e-01 1.91377108e-03 2.49933691e-01
1.21100000e+03 1.04019127e-01 1.91629998e-03 2.49931540e-01
1.21200000e+03 1.03991181e-01 1.91882888e-03 2.49929389e-01
1.21300000e+03 1.03963235e-01 1.92135778e-03 2.49927239e-01
1.21400000e+03 1.03935289e-01 1.92388669e-03 2.49925088e-01
1.21500000e+03 1.03907344e-01 1.92641559e-03 2.49922937e-01
1.21600000e+03 1.03879398e-01 1.92894449e-03 2.49920786e-01
1.21700000e+03 1.03851452e-01 1.93147339e-03 2.49918636e-01
1.21800000e+03 1.03823506e-01 1.93400230e-03 2.49916485e-01
1.21900000e+03 1.03795561e-01 1.93653120e-03 2.49914334e-01
1.22000000e+03 1.03767615e-01 1.93906010e-03 2.49912183e-01
1.22100000e+03 1.03742855e-01 1.94073727e-03 2.49910093e-01
1.22200000e+03 1.03718095e-01 1.94241444e-03 2.49908003e-01
1.22300000e+03 1.03693335e-01 1.94409161e-03 2.49905913e-01
1.22400000e+03 1.03668575e-01 1.94576877e-03 2.49903822e-01
1.22500000e+03 1.03643814e-01 1.94744594e-03 2.49901732e-01
1.22600000e+03 1.03619054e-01 1.94912311e-03 2.49899642e-01
1.22700000e+03 1.03594294e-01 1.95080028e-03 2.49897552e-01
1.22800000e+03 1.03569534e-01 1.95247745e-03 2.49895461e-01
1.22900000e+03 1.03544774e-01 1.95415462e-03 2.49893371e-01
1.23000000e+03 1.03520014e-01 1.95583179e-03 2.49891281e-01
1.23100000e+03 1.03495254e-01 1.95750896e-03 2.49889190e-01
1.23200000e+03 1.03470494e-01 1.95918612e-03 2.49887100e-01
1.23300000e+03 1.03445734e-01 1.96086329e-03 2.49885010e-01
1.23400000e+03 1.03420974e-01 1.96254046e-03 2.49882920e-01
1.23500000e+03 1.03396214e-01 1.96421763e-03 2.49880829e-01
1.23600000e+03 1.03371453e-01 1.96589480e-03 2.49878739e-01
1.23700000e+03 1.03346693e-01 1.96757197e-03 2.49876649e-01
1.23800000e+03 1.03321933e-01 1.96924914e-03 2.49874559e-01
1.23900000e+03 1.03297173e-01 1.97092630e-03 2.49872468e-01
1.24000000e+03 1.03272413e-01 1.97260347e-03 2.49870378e-01
1.24100000e+03 1.03250314e-01 1.97362006e-03 2.49868359e-01
1.24200000e+03 1.03228214e-01 1.97463665e-03 2.49866339e-01
1.24300000e+03 1.03206115e-01 1.97565324e-03 2.49864320e-01
1.24400000e+03 1.03184016e-01 1.97666983e-03 2.49862300e-01
1.24500000e+03 1.03161916e-01 1.97768642e-03 2.49860281e-01
1.24600000e+03 1.03139817e-01 1.97870301e-03 2.49858261e-01
1.24700000e+03 1.03117717e-01 1.97971960e-03 2.49856242e-01
1.24800000e+03 1.03095618e-01 1.98073619e-03 2.49854222e-01
1.24900000e+03 1.03073519e-01 1.98175278e-03 2.49852203e-01
1.25000000e+03 1.03051419e-01 1.98276937e-03 2.49850183e-01
1.25100000e+03 1.03029320e-01 1.98378595e-03 2.49848164e-01
1.25200000e+03 1.03007220e-01 1.98480254e-03 2.49846144e-01
1.25300000e+03 1.02985121e-01 1.98581913e-03 2.49844125e-01
1.25400000e+03 1.02963022e-01 1.98683572e-03 2.49842106e-01
1.25500000e+03 1.02940922e-01 1.98785231e-03 2.49840086e-01
1.25600000e+03 1.02918823e-01 1.98886890e-03 2.49838067e-01
1.25700000e+03 1.02896724e-01 1.98988549e-03 2.49836047e-01
1.25800000e+03 1.02874624e-01 1.99090208e-03 2.49834028e-01
1.25900000e+03 1.02852525e-01 1.99191867e-03 2.49832008e-01
1.26000000e+03 1.02830425e-01 1.99293526e-03 2.49829989e-01
1.26100000e+03 1.02810559e-01 1.99344132e-03 2.49828045e-01
1.26200000e+03 1.02790693e-01 1.99394738e-03 2.49826101e-01
1.26300000e+03 1.02770827e-01 1.99445345e-03 2.49824157e-01
1.26400000e+03 1.02750961e-01 1.99495951e-03 2.49822212e-01
1.26500000e+03 1.02731094e-01 1.99546557e-03 2.49820268e-01
1.26600000e+03 1.02711228e-01 1.99597164e-03 2.49818324e-01
1.26700000e+03 1.02691362e-01 1.99647770e-03 2.49816380e-01
1.26800000e+03 1.02671496e-01 1.99698376e-03 2.49814436e-01
1.26900000e+03 1.02651630e-01 1.99748983e-03 2.49812492e-01
1.27000000e+03 1.02631763e-01 1.99799589e-03 2.49810548e-01
1.27100000e+03 1.02611897e-01 1.99850195e-03 2.49808604e-01
1.27200000e+03 1.02592031e-01 1.99900801e-03 2.49806660e-01
1.27300000e+03 1.02572165e-01 1.99951408e-03 2.49804716e-01
1.27400000e+03 1.02552299e-01 2.00002014e-03 2.49802772e-01
1.27500000e+03 1.02532432e-01 2.00052620e-03 2.49800828e-01
1.27600000e+03 1.02512566e-01 2.00103227e-03 2.49798884e-01
1.27700000e+03 1.02492700e-01 2.00153833e-03 2.49796940e-01
1.27800000e+03 1.02472834e-01 2.00204439e-03 2.49794996e-01
1.27900000e+03 1.02452967e-01 2.00255046e-03 2.49793052e-01
1.28000000e+03 1.02433101e-01 2.00305652e-03 2.49791108e-01
1.28100000e+03 1.02415120e-01 2.00317014e-03 2.49789240e-01
1.28200000e+03 1.02397138e-01 2.00328376e-03 2.49787373e-01
1.28300000e+03 1.02379156e-01 2.00339739e-03 2.49785505e-01
1.28400000e+03 1.02361175e-01 2.00351101e-03 2.49783638e-01
1.28500000e+03 1.02343193e-01 2.00362463e-03 2.49781770e-01
1.28600000e+03 1.02325211e-01 2.00373825e-03 2.49779903e-01
1.28700000e+03 1.02307230e-01 2.00385188e-03 2.49778035e-01
1.28800000e+03 1.02289248e-01 2.00396550e-03 2.49776168e-01
1.28900000e+03 1.02271266e-01 2.00407912e-03 2.49774300e-01
1.29000000e+03 1.02253285e-01 2.00419274e-03 2.49772433e-01
1.29100000e+03 1.02235303e-01 2.00430637e-03 2.49770565e-01
1.29200000e+03 1.02217322e-01 2.00441999e-03 2.49768698e-01
1.29300000e+03 1.02199340e-01 2.00453361e-03 2.49766830e-01
1.29400000e+03 1.02181358e-01 2.00464723e-03 2.49764963e-01
1.29500000e+03 1.02163377e-01 2.00476086e-03 2.49763095e-01
1.29600000e+03 1.02145395e-01 2.00487448e-03 2.49761228e-01
1.29700000e+03 1.02127413e-01 2.00498810e-03 2.49759360e-01
1.29800000e+03 1.02109432e-01 2.00510172e-03 2.49757493e-01
1.29900000e+03 1.02091450e-01 2.00521535e-03 2.49755625e-01
1.30000000e+03 1.02073468e-01 2.00532897e-03 2.49753758e-01
1.30100000e+03 1.02057087e-01 2.00514322e-03 2.49751966e-01
1.30200000e+03 1.02040705e-01 2.00495748e-03 2.49750174e-01
1.30300000e+03 1.02024323e-01 2.00477173e-03 2.49748382e-01
1.30400000e+03 1.02007941e-01 2.00458599e-03 2.49746591e-01
1.30500000e+03 1.01991560e-01 2.00440024e-03 2.49744799e-01
1.30600000e+03 1.01975178e-01 2.00421449e-03 2.49743007e-01
1.30700000e+03 1.01958796e-01 2.00402875e-03 2.49741215e-01
1.30800000e+03 1.01942414e-01 2.00384300e-03 2.49739424e-01
1.30900000e+03 1.01926032e-01 2.00365726e-03 2.49737632e-01
1.31000000e+03 1.01909651e-01 2.00347151e-03 2.49735840e-01
1.31100000e+03 1.01893269e-01 2.00328577e-03 2.49734048e-01
1.31200000e+03 1.01876887e-01 2.00310002e-03 2.49732256e-01
1.31300000e+03 1.01860505e-01 2.00291428e-03 2.49730465e-01
1.31400000e+03 1.01844124e-01 2.00272853e-03 2.49728673e-01
1.31500000e+03 1.01827742e-01 2.00254278e-03 2.49726881e-01
1.31600000e+03 1.01811360e-01 2.00235704e-03 2.49725089e-01
1.31700000e+03 1.01794978e-01 2.00217129e-03 2.49723298e-01
1.31800000e+03 1.01778596e-01 2.00198555e-03 2.49721506e-01
1.31900000e+03 1.01762215e-01 2.00179980e-03 2.49719714e-01
1.32000000e+03 1.01745833e-01 2.00161406e-03 2.49717922e-01
1.32100000e+03 1.01730818e-01 2.00120235e-03 2.49716204e-01
1.32200000e+03 1.01715803e-01 2.00079065e-03 2.49714486e-01
1.32300000e+03 1.01700789e-01 2.00037894e-03 2.49712768e-01
1.32400000e+03 1.01685774e-01 1.99996724e-03 2.49711050e-01
1.32500000e+03 1.01670759e-01 1.99955554e-03 2.49709332e-01
1.32600000e+03 1.01655744e-01 1.99914383e-03 2.49707614e-01
1.32700000e+03 1.01640729e-01 1.99873213e-03 2.49705896e-01
1.32800000e+03 1.01625714e-01 1.99832042e-03 2.49704178e-01
1.32900000e+03 1.01610700e-01 1.99790872e-03 2.49702460e-01
1.33000000e+03 1.01595685e-01 1.99749702e-03 2.49700742e-01
1.33100000e+03 1.01580670e-01 1.99708531e-03 2.49699024e-01
1.33200000e+03 1.01565655e-01 1.99667361e-03 2.49697306e-01
1.33300000e+03 1.01550640e-01 1.99626190e-03 2.49695588e-01
1.33400000e+03 1.01535626e-01 1.99585020e-03 2.49693870e-01
1.33500000e+03 1.01520611e-01 1.99543850e-03 2.49692151e-01
1.33600000e+03 1.01505596e-01 1.99502679e-03 2.49690433e-01
1.33700000e+03 1.01490581e-01 1.99461509e-03 2.49688715e-01
1.33800000e+03 1.01475566e-01 1.99420338e-03 2.49686997e-01
1.33900000e+03 1.01460552e-01 1.99379168e-03 2.49685279e-01
1.34000000e+03 1.01445537e-01 1.99337997e-03 2.49683561e-01
1.34100000e+03 1.01633788e-01 1.85566823e-03 2.49806174e-01
1.34200000e+03 1.01822040e-01 1.71795648e-03 2.49928787e-01
1.34300000e+03 1.02010292e-01 1.58024473e-03 2.50051400e-01
1.34400000e+03 1.02198543e-01 1.44253298e-03 2.50174014e-01
1.34500000e+03 1.02386795e-01 1.30482123e-03 2.50296627e-01
1.34600000e+03 1.02575046e-01 1.16710948e-03 2.50419240e-01
1.34700000e+03 1.02763298e-01 1.02939773e-03 2.50541853e-01
1.34800000e+03 1.02951549e-01 8.91685985e-04 2.50664466e-01
1.34900000e+03 1.03139801e-01 7.53974236e-04 2.50787079e-01
1.35000000e+03 1.03328053e-01 6.16262487e-04 2.50909692e-01
1.35100000e+03 1.03516304e-01 4.78550738e-04 2.51032305e-01
1.35200000e+03 1.03704556e-01 3.40838989e-04 2.51154918e-01
1.35300000e+03 1.03892807e-01 2.03127241e-04 2.51277531e-01
1.35400000e+03 1.04081059e-01 6.54154918e-05 2.51400144e-01
1.35500000e+03 1.04269311e-01 -7.22962570e-05 2.51522757e-01
1.35600000e+03 1.04457562e-01 -2.10008006e-04 2.51645370e-01
1.35700000e+03 1.04645814e-01 -3.47719755e-04 2.51767983e-01
1.35800000e+03 1.04834065e-01 -4.85431503e-04 2.51890597e-01
1.35900000e+03 1.05022317e-01 -6.23143252e-04 2.52013210e-01
1.36000000e+03 1.05210569e-01 -7.60855001e-04 2.52135823e-01
1.36100000e+03 1.05747003e-01 -1.11880708e-03 2.52436136e-01
1.36200000e+03 1.06283437e-01 -1.47675916e-03 2.52736450e-01
1.36300000e+03 1.06819871e-01 -1.83471124e-03 2.53036764e-01
1.36400000e+03 1.07356305e-01 -2.19266333e-03 2.53337077e-01
1.36500000e+03 1.07892739e-01 -2.55061541e-03 2.53637391e-01
1.36600000e+03 1.08429173e-01 -2.90856749e-03 2.53937704e-01
1.36700000e+03 1.08965607e-01 -3.26651957e-03 2.54238018e-01
1.36800000e+03 1.09502041e-01 -3.62447165e-03 2.54538332e-01
1.36900000e+03 1.10038475e-01 -3.98242373e-03 2.54838645e-01
1.37000000e+03 1.10574909e-01 -4.34037581e-03 2.55138959e-01
1.37100000e+03 1.11111343e-01 -4.69832790e-03 2.55439272e-01
1.37200000e+03 1.11647777e-01 -5.05627998e-03 2.55739586e-01
1.37300000e+03 1.12184211e-01 -5.41423206e-03 2.56039900e-01
1.37400000e+03 1.12720645e-01 -5.77218414e-03 2.56340213e-01
1.37500000e+03 1.13257079e-01 -6.13013622e-03 2.56640527e-01
1.37600000e+03 1.13793513e-01 -6.48808830e-03 2.56940840e-01
1.37700000e+03 1.14329947e-01 -6.84604038e-03 2.57241154e-01
1.37800000e+03 1.14866381e-01 -7.20399246e-03 2.57541468e-01
1.37900000e+03 1.15402815e-01 -7.56194455e-03 2.57841781e-01
1.38000000e+03 1.15939249e-01 -7.91989663e-03 2.58142095e-01
1.38100000e+03 1.16706774e-01 -8.39730337e-03 2.58481353e-01
1.38200000e+03 1.17474299e-01 -8.87471012e-03 2.58820611e-01
1.38300000e+03 1.18241824e-01 -9.35211687e-03 2.59159869e-01
1.38400000e+03 1.19009350e-01 -9.82952362e-03 2.59499127e-01
1.38500000e+03 1.19776875e-01 -1.03069304e-02 2.59838385e-01
1.38600000e+03 1.20544400e-01 -1.07843371e-02 2.60177643e-01
1.38700000e+03 1.21311925e-01 -1.12617439e-02 2.60516901e-01
1.38800000e+03 1.22079450e-01 -1.17391506e-02 2.60856159e-01
1.38900000e+03 1.22846975e-01 -1.22165574e-02 2.61195416e-01
1.39000000e+03 1.23614500e-01 -1.26939641e-02 2.61534674e-01
1.39100000e+03 1.24382026e-01 -1.31713709e-02 2.61873932e-01
1.39200000e+03 1.25149551e-01 -1.36487776e-02 2.62213190e-01
1.39300000e+03 1.25917076e-01 -1.41261843e-02 2.62552448e-01
1.39400000e+03 1.26684601e-01 -1.46035911e-02 2.62891706e-01
1.39500000e+03 1.27452126e-01 -1.50809978e-02 2.63230964e-01
1.39600000e+03 1.28219651e-01 -1.55584046e-02 2.63570222e-01
1.39700000e+03 1.28987177e-01 -1.60358113e-02 2.63909480e-01
1.39800000e+03 1.29754702e-01 -1.65132181e-02 2.64248738e-01
1.39900000e+03 1.30522227e-01 -1.69906248e-02 2.64587996e-01
1.40000000e+03 1.31289752e-01 -1.74680316e-02 2.64927254e-01
1.40100000e+03 1.32065828e-01 -1.79055457e-02 2.65163081e-01
1.40200000e+03 1.32841904e-01 -1.83430598e-02 2.65398909e-01
1.40300000e+03 1.33617980e-01 -1.87805740e-02 2.65634736e-01
1.40400000e+03 1.34394056e-01 -1.92180881e-02 2.65870564e-01
1.40500000e+03 1.35170132e-01 -1.96556022e-02 2.66106391e-01
1.40600000e+03 1.35946208e-01 -2.00931164e-02 2.66342218e-01
1.40700000e+03 1.36722284e-01 -2.05306305e-02 2.66578046e-01
1.40800000e+03 1.37498359e-01 -2.09681446e-02 2.66813873e-01
1.40900000e+03 1.38274435e-01 -2.14056588e-02 2.67049701e-01
1.41000000e+03 1.39050511e-01 -2.18431729e-02 2.67285528e-01
1.41100000e+03 1.39826587e-01 -2.22806870e-02 2.67521355e-01
1.41200000e+03 1.40602663e-01 -2.27182012e-02 2.67757183e-01
1.41300000e+03 1.41378739e-01 -2.31557153e-02 2.67993010e-01
1.41400000e+03 1.42154815e-01 -2.35932294e-02 2.68228838e-01
1.41500000e+03 1.42930891e-01 -2.40307436e-02 2.68464665e-01
1.41600000e+03 1.43706967e-01 -2.44682577e-02 2.68700492e-01
1.41700000e+03 1.44483043e-01 -2.49057718e-02 2.68936320e-01
1.41800000e+03 1.45259119e-01 -2.53432860e-02 2.69172147e-01
1.41900000e+03 1.46035195e-01 -2.57808001e-02 2.69407975e-01
1.42000000e+03 1.46811271e-01 -2.62183142e-02 2.69643802e-01
1.42100000e+03 1.47387386e-01 -2.64763991e-02 2.69729762e-01
1.42200000e+03 1.47963502e-01 -2.67344840e-02 2.69815723e-01
1.42300000e+03 1.48539617e-01 -2.69925688e-02 2.69901683e-01
1.42400000e+03 1.49115733e-01 -2.72506537e-02 2.69987643e-01
1.42500000e+03 1.49691848e-01 -2.75087386e-02 2.70073603e-01
1.42600000e+03 1.50267964e-01 -2.77668234e-02 2.70159564e-01
1.42700000e+03 1.50844079e-01 -2.80249083e-02 2.70245524e-01
1.42800000e+03 1.51420195e-01 -2.82829931e-02 2.70331484e-01
1.42900000e+03 1.51996310e-01 -2.85410780e-02 2.70417444e-01
1.43000000e+03 1.52572426e-01 -2.87991629e-02 2.70503404e-01
1.43100000e+03 1.53148541e-01 -2.90572477e-02 2.70589365e-01
1.43200000e+03 1.53724657e-01 -2.93153326e-02 2.70675325e-01
1.43300000e+03 1.54300772e-01 -2.95734175e-02 2.70761285e-01
1.43400000e+03 1.54876888e-01 -2.98315023e-02 2.70847245e-01
1.43500000e+03 1.55453003e-01 -3.00895872e-02 2.70933206e-01
1.43600000e+03 1.56029119e-01 -3.03476721e-02 2.71019166e-01
1.43700000e+03 1.56605234e-01 -3.06057569e-02 2.71105126e-01
1.43800000e+03 1.57181350e-01 -3.08638418e-02 2.71191086e-01
1.43900000e+03 1.57757465e-01 -3.11219267e-02 2.71277047e-01
1.44000000e+03 1.58333581e-01 -3.13800115e-02 2.71363007e-01
1.44100000e+03 1.58603342e-01 -3.13817944e-02 2.71322970e-01
1.44200000e+03 1.58873102e-01 -3.13835772e-02 2.71282933e-01
1.44300000e+03 1.59142863e-01 -3.13853601e-02 2.71242897e-01
1.44400000e+03 1.59412624e-01 -3.13871429e-02 2.71202860e-01
1.44500000e+03 1.59682385e-01 -3.13889258e-02 2.71162823e-01
1.44600000e+03 1.59952146e-01 -3.13907086e-02 2.71122786e-01
1.44700000e+03 1.60221907e-01 -3.13924915e-02 2.71082750e-01
1.44800000e+03 1.60491668e-01 -3.13942743e-02 2.71042713e-01
1.44900000e+03 1.60761429e-01 -3.13960572e-02 2.71002676e-01
1.45000000e+03 1.61031190e-01 -3.13978400e-02 2.70962639e-01
1.45100000e+03 1.61300951e-01 -3.13996229e-02 2.70922603e-01
1.45200000e+03 1.61570711e-01 -3.14014057e-02 2.70882566e-01
1.45300000e+03 1.61840472e-01 -3.14031886e-02 2.70842529e-01
1.45400000e+03 1.62110233e-01 -3.14049714e-02 2.70802492e-01
1.45500000e+03 1.62379994e-01 -3.14067542e-02 2.70762456e-01
1.45600000e+03 1.62649755e-01 -3.14085371e-02 2.70722419e-01
1.45700000e+03 1.62919516e-01 -3.14103199e-02 2.70682382e-01
1.45800000e+03 1.63189277e-01 -3.14121028e-02 2.70642345e-01
1.45900000e+03 1.63459038e-01 -3.14138856e-02 2.70602309e-01
1.46000000e+03 1.63728799e-01 -3.14156685e-02 2.70562272e-01
1.46100000e+03 1.63731075e-01 -3.11920219e-02 2.70436386e-01
1.46200000e+03 1.63733352e-01 -3.09683754e-02 2.70310499e-01
1.46300000e+03 1.63735629e-01 -3.07447288e-02 2.70184613e-01
1.46400000e+03 1.63737905e-01 -3.05210822e-02 2.70058726e-01
1.46500000e+03 1.63740182e-01 -3.02974357e-02 2.69932840e-01
1.46600000e+03 1.63742459e-01 -3.00737891e-02 2.69806953e-01
1.46700000e+03 1.63744735e-01 -2.98501425e-02 2.69681067e-01
1.46800000e+03 1.63747012e-01 -2.96264960e-02 2.69555180e-01
1.46900000e+03 1.63749288e-01 -2.94028494e-02 2.69429294e-01
1.47000000e+03 1.63751565e-01 -2.91792028e-02 2.69303408e-01
1.47100000e+03 1.63753842e-01 -2.89555563e-02 2.69177521e-01
1.47200000e+03 1.63756118e-01 -2.87319097e-02 2.69051635e-01
1.47300000e+03 1.63758395e-01 -2.85082631e-02 2.68925748e-01
1.47400000e+03 1.63760672e-01 -2.82846166e-02 2.68799862e-01
1.47500000e+03 1.63762948e-01 -2.80609700e-02 2.68673975e-01
1.47600000e+03 1.63765225e-01 -2.78373234e-02 2.68548089e-01
1.47700000e+03 1.63767502e-01 -2.76136769e-02 2.68422202e-01
1.47800000e+03 1.63769778e-01 -2.73900303e-02 2.68296316e-01
1.47900000e+03 1.63772055e-01 -2.71663838e-02 2.68170430e-01
1.48000000e+03 1.63774331e-01 -2.69427372e-02 2.68044543e-01
1.48100000e+03 1.63657310e-01 -2.66611670e-02 2.67895402e-01
1.48200000e+03 1.63540288e-01 -2.63795968e-02 2.67746261e-01
1.48300000e+03 1.63423266e-01 -2.60980266e-02 2.67597120e-01
1.48400000e+03 1.63306245e-01 -2.58164564e-02 2.67447979e-01
1.48500000e+03 1.63189223e-01 -2.55348862e-02 2.67298838e-01
1.48600000e+03 1.63072201e-01 -2.52533160e-02 2.67149697e-01
1.48700000e+03 1.62955179e-01 -2.49717458e-02 2.67000556e-01
1.48800000e+03 1.62838158e-01 -2.46901755e-02 2.66851415e-01
1.48900000e+03 1.62721136e-01 -2.44086053e-02 2.66702274e-01
1.49000000e+03 1.62604114e-01 -2.41270351e-02 2.66553133e-01
1.49100000e+03 1.62487093e-01 -2.38454649e-02 2.66403992e-01
1.49200000e+03 1.62370071e-01 -2.35638947e-02 2.66254851e-01
1.49300000e+03 1.62253049e-01 -2.32823245e-02 2.66105710e-01
1.49400000e+03 1.62136027e-01 -2.30007543e-02 2.65956569e-01
1.49500000e+03 1.62019006e-01 -2.27191841e-02 2.65807428e-01
1.49600000e+03 1.61901984e-01 -2.24376139e-02 2.65658287e-01
1.49700000e+03 1.61784962e-01 -2.21560437e-02 2.65509146e-01
1.49800000e+03 1.61667940e-01 -2.18744735e-02 2.65360004e-01
1.49900000e+03 1.61550919e-01 -2.15929033e-02 2.65210863e-01
