0.00000000e+00 0.00000000e+00 0.00000000e+00 0.00000000e+00
1.00000000e+00 0.00000000e+00 0.00000000e+00 0.00000000e+00
2.00000000e+00 0.00000000e+00 0.00000000e+00 0.00000000e+00
3.00000000e+00 0.00000000e+00 0.00000000e+00 0.00000000e+00
4.00000000e+00 0.00000000e+00 0.00000000e+00 0.00000000e+00
5.00000000e+00 0.00000000e+00 0.00000000e+00 0.00000000e+00
6.00000000e+00 0.00000000e+00 0.00000000e+00 0.00000000e+00
7.00000000e+00 0.00000000e+00 0.00000000e+00 0.00000000e+00
8.00000000e+00 0.00000000e+00 0.00000000e+00 0.00000000e+00
9.00000000e+00 0.00000000e+00 0.00000000e+00 0.00000000e+00
1.00000000e+01 0.00000000e+00 0.00000000e+00 0.00000000e+00
1.10000000e+01 0.00000000e+00 0.00000000e+00 0.00000000e+00
1.20000000e+01 0.00000000e+00 0.00000000e+00 0.00000000e+00
1.30000000e+01 0.00000000e+00 0.00000000e+00 0.00000000e+00
1.40000000e+01 0.00000000e+00 0.00000000e+00 0.00000000e+00
1.50000000e+01 0.00000000e+00 0.00000000e+00 0.00000000e+00
1.60000000e+01 0.00000000e+00 0.00000000e+00 0.00000000e+00
1.70000000e+01 0.00000000e+00 0.00000000e+00 0.00000000e+00
1.80000000e+01 0.00000000e+00 0.00000000e+00 0.00000000e+00
1.90000000e+01 0.00000000e+00 0.00000000e+00 0.00000000e+00
2.00000000e+01 0.00000000e+00 0.00000000e+00 0.00000000e+00
2.10000000e+01 -4.30619085e-17 -2.60378276e-11 -2.01796460e-09
2.20000000e+01 -8.61238169e-17 -5.20756553e-11 -4.03592920e-09
2.30000000e+01 -1.29185725e-16 -7.81134829e-11 -6.05389380e-09
2.40000000e+01 -1.72247634e-16 -1.04151311e-10 -8.07185840e-09
2.50000000e+01 -2.15309542e-16 -1.30189138e-10 -1.00898230e-08
2.60000000e+01 -2.58371451e-16 -1.56226966e-10 -1.21077876e-08
2.70000000e+01 -3.01433359e-16 -1.82264794e-10 -1.41257522e-08
2.80000000e+01 -3.44495268e-16 -2.08302621e-10 -1.61437168e-08
2.90000000e+01 -3.87557176e-16 -2.34340449e-10 -1.81616814e-08
3.00000000e+01 -4.30619085e-16 -2.60378276e-10 -2.01796460e-08
3.10000000e+01 -4.73680993e-16 -2.86416104e-10 -2.21976106e-08
3.20000000e+01 -5.16742902e-16 -3.12453932e-10 -2.42155752e-08
3.30000000e+01 -5.59804810e-16 -3.38491759e-10 -2.62335398e-08
3.40000000e+01 -6.02866718e-16 -3.64529587e-10 -2.82515044e-08
3.50000000e+01 -6.45928627e-16 -3.90567415e-10 -3.02694690e-08
3.60000000e+01 -6.88990535e-16 -4.16605242e-10 -3.22874336e-08
3.70000000e+01 -7.32052444e-16 -4.42643070e-10 -3.43053982e-08
3.80000000e+01 -7.75114352e-16 -4.68680898e-10 -3.63233628e-08
3.90000000e+01 -8.18176261e-16 -4.94718725e-10 -3.83413274e-08
4.00000000e+01 -8.61238169e-16 -5.20756553e-10 -4.03592920e-08
4.10000000e+01 -8.74420567e-16 -5.15602948e-10 -3.98659109e-08
4.20000000e+01 -8.87602964e-16 -5.10449343e-10 -3.93725298e-08
4.30000000e+01 -9.00785362e-16 -5.05295739e-10 -3.88791486e-08
4.40000000e+01 -9.13967759e-16 -5.00142134e-10 -3.83857675e-08
4.50000000e+01 -9.27150157e-16 -4.94988529e-10 -3.78923864e-08
4.60000000e+01 -9.40332554e-16 -4.89834925e-10 -3.73990053e-08
4.70000000e+01 -9.53514952e-16 -4.84681320e-10 -3.69056242e-08
4.80000000e+01 -9.66697349e-16 -4.79527715e-10 -3.64122430e-08
4.90000000e+01 -9.79879747e-16 -4.74374110e-10 -3.59188619e-08
5.00000000e+01 -9.93062144e-16 -4.69220506e-10 -3.54254808e-08
5.10000000e+01 -1.00624454e-15 -4.64066901e-10 -3.49320997e-08
5.20000000e+01 -1.01942694e-15 -4.58913296e-10 -3.44387186e-08
5.30000000e+01 -1.03260934e-15 -4.53759692e-10 -3.39453374e-08
5.40000000e+01 -1.04579173e-15 -4.48606087e-10 -3.34519563e-08
5.50000000e+01 -1.05897413e-15 -4.43452482e-10 -3.29585752e-08
5.60000000e+01 -1.07215653e-15 -4.38298877e-10 -3.24651941e-08
5.70000000e+01 -1.08533893e-15 -4.33145273e-10 -3.19718130e-08
5.80000000e+01 -1.09852132e-15 -4.27991668e-10 -3.14784318e-08
5.90000000e+01 -1.11170372e-15 -4.22838063e-10 -3.09850507e-08
6.00000000e+01 -1.12488612e-15 -4.17684458e-10 -3.04916696e-08
6.10000000e+01 -1.07941591e-15 -4.13550835e-10 -3.01145093e-08
6.20000000e+01 -1.03394571e-15 -4.09417212e-10 -2.97373491e-08
6.30000000e+01 -9.88475502e-16 -4.05283589e-10 -2.93601888e-08
6.40000000e+01 -9.43005297e-16 -4.01149966e-10 -2.89830286e-08
6.50000000e+01 -8.97535091e-16 -3.97016342e-10 -2.86058683e-08
6.60000000e+01 -8.52064886e-16 -3.92882719e-10 -2.82287081e-08
6.70000000e+01 -8.06594680e-16 -3.88749096e-10 -2.78515478e-08
6.80000000e+01 -7.61124474e-16 -3.84615473e-10 -2.74743875e-08
6.90000000e+01 -7.15654269e-16 -3.80481849e-10 -2.70972273e-08
7.00000000e+01 -6.70184063e-16 -3.76348226e-10 -2.67200670e-08
7.10000000e+01 -6.24713857e-16 -3.72214603e-10 -2.63429068e-08
7.20000000e+01 -5.79243652e-16 -3.68080980e-10 -2.59657465e-08
7.30000000e+01 -5.33773446e-16 -3.63947356e-10 -2.55885863e-08
7.40000000e+01 -4.88303240e-16 -3.59813733e-10 -2.52114260e-08
7.50000000e+01 -4.42833035e-16 -3.55680110e-10 -2.48342658e-08
7.60000000e+01 -3.97362829e-16 -3.51546487e-10 -2.44571055e-08
7.70000000e+01 -3.51892623e-16 -3.47412863e-10 -2.40799452e-08
7.80000000e+01 -3.06422418e-16 -3.43279240e-10 -2.37027850e-08
7.90000000e+01 -2.60952212e-16 -3.39145617e-10 -2.33256247e-08
8.00000000e+01 -2.15482007e-16 -3.35011994e-10 -2.29484645e-08
8.10000000e+01 -2.32835360e-16 -3.31696404e-10 -2.26608751e-08
8.20000000e+01 -2.50188713e-16 -3.28380814e-10 -2.23732857e-08
8.30000000e+01 -2.67542066e-16 -3.25065224e-10 -2.20856962e-08
8.40000000e+01 -2.84895419e-16 -3.21749634e-10 -2.17981068e-08
8.50000000e+01 -3.02248773e-16 -3.18434045e-10 -2.15105174e-08
8.60000000e+01 -3.19602126e-16 -3.15118455e-10 -2.12229280e-08
8.70000000e+01 -3.36955479e-16 -3.11802865e-10 -2.09353386e-08
8.80000000e+01 -3.54308832e-16 -3.08487275e-10 -2.06477492e-08
8.90000000e+01 -3.71662186e-16 -3.05171685e-10 -2.03601598e-08
9.00000000e+01 -3.89015539e-16 -3.01856095e-10 -2.00725704e-08
9.10000000e+01 -4.06368892e-16 -2.98540506e-10 -1.97849810e-08
9.20000000e+01 -4.23722245e-16 -2.95224916e-10 -1.94973916e-08
9.30000000e+01 -4.41075599e-16 -2.91909326e-10 -1.92098022e-08
9.40000000e+01 -4.58428952e-16 -2.88593736e-10 -1.89222127e-08
9.50000000e+01 -4.75782305e-16 -2.85278146e-10 -1.86346233e-08
9.60000000e+01 -4.93135658e-16 -2.81962556e-10 -1.83470339e-08
9.70000000e+01 -5.10489012e-16 -2.78646967e-10 -1.80594445e-08
9.80000000e+01 -5.27842365e-16 -2.75331377e-10 -1.77718551e-08
9.90000000e+01 -5.45195718e-16 -2.72015787e-10 -1.74842657e-08
1.00000000e+02 -5.62549071e-16 -2.68700197e-10 -1.71966763e-08
1.01000000e+02 -5.26204182e-16 -2.66040860e-10 -1.69779908e-08
1.02000000e+02 -4.89859292e-16 -2.63381523e-10 -1.67593052e-08
1.03000000e+02 -4.53514403e-16 -2.60722186e-10 -1.65406197e-08
1.04000000e+02 -4.17169514e-16 -2.58062850e-10 -1.63219342e-08
1.05000000e+02 -3.80824624e-16 -2.55403513e-10 -1.61032487e-08
1.06000000e+02 -3.44479735e-16 -2.52744176e-10 -1.58845631e-08
1.07000000e+02 -3.08134845e-16 -2.50084839e-10 -1.56658776e-08
1.08000000e+02 -2.71789956e-16 -2.47425502e-10 -1.54471921e-08
1.09000000e+02 -2.35445067e-16 -2.44766165e-10 -1.52285066e-08
1.10000000e+02 -1.99100177e-16 -2.42106828e-10 -1.50098210e-08
1.11000000e+02 -1.62755288e-16 -2.39447491e-10 -1.47911355e-08
1.12000000e+02 -1.26410399e-16 -2.36788155e-10 -1.45724500e-08
1.13000000e+02 -9.00655091e-17 -2.34128818e-10 -1.43537645e-08
1.14000000e+02 -5.37206197e-17 -2.31469481e-10 -1.41350789e-08
1.15000000e+02 -1.73757303e-17 -2.28810144e-10 -1.39163934e-08
1.16000000e+02 1.89691590e-17 -2.26150807e-10 -1.36977079e-08
1.17000000e+02 5.53140484e-17 -2.23491470e-10 -1.34790224e-08
1.18000000e+02 9.16589378e-17 -2.20832133e-10 -1.32603368e-08
1.19000000e+02 1.28003827e-16 -2.18172796e-10 -1.30416513e-08
1.20000000e+02 1.64348717e-16 -2.15513460e-10 -1.28229658e-08
1.21000000e+02 1.40413665e-16 -2.13380516e-10 -1.26571814e-08
1.22000000e+02 1.16478613e-16 -2.11247572e-10 -1.24913971e-08
1.23000000e+02 9.25435605e-17 -2.09114629e-10 -1.23256127e-08
1.24000000e+02 6.86085085e-17 -2.06981685e-10 -1.21598283e-08
1.25000000e+02 4.46734565e-17 -2.04848741e-10 -1.19940439e-08
1.26000000e+02 2.07384044e-17 -2.02715798e-10 -1.18282596e-08
1.27000000e+02 -3.19664758e-18 -2.00582854e-10 -1.16624752e-08
1.28000000e+02 -2.71316996e-17 -1.98449910e-10 -1.14966908e-08
1.29000000e+02 -5.10667516e-17 -1.96316967e-10 -1.13309065e-08
1.30000000e+02 -7.50018037e-17 -1.94184023e-10 -1.11651221e-08
1.31000000e+02 -9.89368557e-17 -1.92051079e-10 -1.09993377e-08
1.32000000e+02 -1.22871908e-16 -1.89918136e-10 -1.08335534e-08
1.33000000e+02 -1.46806960e-16 -1.87785192e-10 -1.06677690e-08
1.34000000e+02 -1.70742012e-16 -1.85652248e-10 -1.05019846e-08
1.35000000e+02 -1.94677064e-16 -1.83519305e-10 -1.03362002e-08
1.36000000e+02 -2.18612116e-16 -1.81386361e-10 -1.01704159e-08
1.37000000e+02 -2.42547168e-16 -1.79253417e-10 -1.00046315e-08
1.38000000e+02 -2.66482220e-16 -1.77120474e-10 -9.83884713e-09
1.39000000e+02 -2.90417272e-16 -1.74987530e-10 -9.67306276e-09
1.40000000e+02 -3.14352324e-16 -1.72854586e-10 -9.50727839e-09
1.41000000e+02 -3.64282562e-16 -1.71143747e-10 -9.38202299e-09
1.42000000e+02 -4.14212799e-16 -1.69432907e-10 -9.25676759e-09
1.43000000e+02 -4.64143037e-16 -1.67722067e-10 -9.13151219e-09
1.44000000e+02 -5.14073275e-16 -1.66011227e-10 -9.00625679e-09
1.45000000e+02 -5.64003513e-16 -1.64300387e-10 -8.88100139e-09
1.46000000e+02 -6.13933750e-16 -1.62589548e-10 -8.75574599e-09
1.47000000e+02 -6.63863988e-16 -1.60878708e-10 -8.63049059e-09
1.48000000e+02 -7.13794226e-16 -1.59167868e-10 -8.50523519e-09
1.49000000e+02 -7.63724464e-16 -1.57457028e-10 -8.37997979e-09
1.50000000e+02 -8.13654701e-16 -1.55746188e-10 -8.25472439e-09
1.51000000e+02 -8.63584939e-16 -1.54035349e-10 -8.12946899e-09
1.52000000e+02 -9.13515177e-16 -1.52324509e-10 -8.00421359e-09
1.53000000e+02 -9.63445414e-16 -1.50613669e-10 -7.87895819e-09
1.54000000e+02 -1.01337565e-15 -1.48902829e-10 -7.75370279e-09
1.55000000e+02 -1.06330589e-15 -1.47191989e-10 -7.62844739e-09
1.56000000e+02 -1.11323613e-15 -1.45481150e-10 -7.50319199e-09
1.57000000e+02 -1.16316637e-15 -1.43770310e-10 -7.37793659e-09
1.58000000e+02 -1.21309660e-15 -1.42059470e-10 -7.25268119e-09
1.59000000e+02 -1.26302684e-15 -1.40348630e-10 -7.12742578e-09
1.60000000e+02 -1.31295708e-15 -1.38637790e-10 -7.00217038e-09
1.61000000e+02 -1.25473249e-15 -1.37265692e-10 -6.90789481e-09
1.62000000e+02 -1.19650790e-15 -1.35893594e-10 -6.81361923e-09
1.63000000e+02 -1.13828332e-15 -1.34521496e-10 -6.71934366e-09
1.64000000e+02 -1.08005873e-15 -1.33149397e-10 -6.62506808e-09
1.65000000e+02 -1.02183414e-15 -1.31777299e-10 -6.53079251e-09
1.66000000e+02 -9.63609557e-16 -1.30405201e-10 -6.43651693e-09
1.67000000e+02 -9.05384971e-16 -1.29033103e-10 -6.34224136e-09
1.68000000e+02 -8.47160384e-16 -1.27661004e-10 -6.24796578e-09
1.69000000e+02 -7.88935797e-16 -1.26288906e-10 -6.15369021e-09
1.70000000e+02 -7.30711210e-16 -1.24916808e-10 -6.05941463e-09
1.71000000e+02 -6.72486623e-16 -1.23544709e-10 -5.96513906e-09
1.72000000e+02 -6.14262036e-16 -1.22172611e-10 -5.87086348e-09
1.73000000e+02 -5.56037449e-16 -1.20800513e-10 -5.77658791e-09
1.74000000e+02 -4.97812862e-16 -1.19428415e-10 -5.68231233e-09
1.75000000e+02 -4.39588276e-16 -1.18056316e-10 -5.58803676e-09
1.76000000e+02 -3.81363689e-16 -1.16684218e-10 -5.49376118e-09
1.77000000e+02 -3.23139102e-16 -1.15312120e-10 -5.39948561e-09
1.78000000e+02 -2.64914515e-16 -1.13940022e-10 -5.30521003e-09
1.79000000e+02 -2.06689928e-16 -1.12567923e-10 -5.21093446e-09
1.80000000e+02 -1.48465341e-16 -1.11195825e-10 -5.11665888e-09
1.81000000e+02 -1.70783311e-16 -1.10095340e-10 -5.04600492e-09
1.82000000e+02 -1.93101282e-16 -1.08994855e-10 -4.97535096e-09
1.83000000e+02 -2.15419252e-16 -1.07894370e-10 -4.90469700e-09
1.84000000e+02 -2.37737222e-16 -1.06793886e-10 -4.83404303e-09
1.85000000e+02 -2.60055192e-16 -1.05693401e-10 -4.76338907e-09
1.86000000e+02 -2.82373162e-16 -1.04592916e-10 -4.69273511e-09
1.87000000e+02 -3.04691132e-16 -1.03492431e-10 -4.62208115e-09
1.88000000e+02 -3.27009103e-16 -1.02391946e-10 -4.55142719e-09
1.89000000e+02 -3.49327073e-16 -1.01291461e-10 -4.48077323e-09
1.90000000e+02 -3.71645043e-16 -1.00190977e-10 -4.41011926e-09
1.91000000e+02 -3.93963013e-16 -9.90904917e-11 -4.33946530e-09
1.92000000e+02 -4.16280983e-16 -9.79900068e-11 -4.26881134e-09
1.93000000e+02 -4.38598954e-16 -9.68895220e-11 -4.19815738e-09
1.94000000e+02 -4.60916924e-16 -9.57890371e-11 -4.12750342e-09
1.95000000e+02 -4.83234894e-16 -9.46885523e-11 -4.05684946e-09
1.96000000e+02 -5.05552864e-16 -9.35880674e-11 -3.98619549e-09
1.97000000e+02 -5.27870834e-16 -9.24875826e-11 -3.91554153e-09
1.98000000e+02 -5.50188804e-16 -9.13870977e-11 -3.84488757e-09
1.99000000e+02 -5.72506775e-16 -9.02866129e-11 -3.77423361e-09
2.00000000e+02 -5.94824745e-16 -8.91861280e-11 -3.70357965e-09
2.01000000e+02 -5.70886160e-16 -8.83033798e-11 -3.65088760e-09
2.02000000e+02 -5.46947575e-16 -8.74206316e-11 -3.59819555e-09
2.03000000e+02 -5.23008991e-16 -8.65378834e-11 -3.54550350e-09
2.04000000e+02 -4.99070406e-16 -8.56551351e-11 -3.49281146e-09
2.05000000e+02 -4.75131821e-16 -8.47723869e-11 -3.44011941e-09
2.06000000e+02 -4.51193236e-16 -8.38896387e-11 -3.38742736e-09
2.07000000e+02 -4.27254652e-16 -8.30068905e-11 -3.33473531e-09
2.08000000e+02 -4.03316067e-16 -8.21241423e-11 -3.28204327e-09
2.09000000e+02 -3.79377482e-16 -8.12413941e-11 -3.22935122e-09
2.10000000e+02 -3.55438897e-16 -8.03586458e-11 -3.17665917e-09
2.11000000e+02 -3.31500312e-16 -7.94758976e-11 -3.12396713e-09
2.12000000e+02 -3.07561728e-16 -7.85931494e-11 -3.07127508e-09
2.13000000e+02 -2.83623143e-16 -7.77104012e-11 -3.01858303e-09
2.14000000e+02 -2.59684558e-16 -7.68276530e-11 -2.96589098e-09
2.15000000e+02 -2.35745973e-16 -7.59449048e-11 -2.91319894e-09
2.16000000e+02 -2.11807389e-16 -7.50621565e-11 -2.86050689e-09
2.17000000e+02 -1.87868804e-16 -7.41794083e-11 -2.80781484e-09
2.18000000e+02 -1.63930219e-16 -7.32966601e-11 -2.75512279e-09
2.19000000e+02 -1.39991634e-16 -7.24139119e-11 -2.70243075e-09
2.20000000e+02 -1.16053050e-16 -7.15311637e-11 -2.64973870e-09
2.21000000e+02 -1.33326439e-16 -7.08232291e-11 -2.61066386e-09
2.22000000e+02 -1.50599829e-16 -7.01152945e-11 -2.57158902e-09
2.23000000e+02 -1.67873219e-16 -6.94073599e-11 -2.53251418e-09
2.24000000e+02 -1.85146608e-16 -6.86994253e-11 -2.49343934e-09
2.25000000e+02 -2.02419998e-16 -6.79914907e-11 -2.45436450e-09
2.26000000e+02 -2.19693388e-16 -6.72835561e-11 -2.41528966e-09
2.27000000e+02 -2.36966777e-16 -6.65756215e-11 -2.37621482e-09
2.28000000e+02 -2.54240167e-16 -6.58676869e-11 -2.33713998e-09
2.29000000e+02 -2.71513557e-16 -6.51597523e-11 -2.29806514e-09
2.30000000e+02 -2.88786947e-16 -6.44518177e-11 -2.25899029e-09
2.31000000e+02 -3.06060336e-16 -6.37438831e-11 -2.21991545e-09
2.32000000e+02 -3.23333726e-16 -6.30359485e-11 -2.18084061e-09
2.33000000e+02 -3.40607116e-16 -6.23280139e-11 -2.14176577e-09
2.34000000e+02 -3.57880505e-16 -6.16200793e-11 -2.10269093e-09
2.35000000e+02 -3.75153895e-16 -6.09121447e-11 -2.06361609e-09
2.36000000e+02 -3.92427285e-16 -6.02042101e-11 -2.02454125e-09
2.37000000e+02 -4.09700674e-16 -5.94962755e-11 -1.98546641e-09
2.38000000e+02 -4.26974064e-16 -5.87883409e-11 -1.94639157e-09
2.39000000e+02 -4.44247454e-16 -5.80804063e-11 -1.90731673e-09
2.40000000e+02 -4.61520844e-16 -5.73724717e-11 -1.86824189e-09
2.41000000e+02 -4.35952284e-16 -5.68046774e-11 -1.83945577e-09
2.42000000e+02 -4.10383724e-16 -5.62368831e-11 -1.81066965e-09
2.43000000e+02 -3.84815164e-16 -5.56690888e-11 -1.78188353e-09
2.44000000e+02 -3.59246605e-16 -5.51012944e-11 -1.75309741e-09
2.45000000e+02 -3.33678045e-16 -5.45335001e-11 -1.72431130e-09
2.46000000e+02 -3.08109485e-16 -5.39657058e-11 -1.69552518e-09
2.47000000e+02 -2.82540926e-16 -5.33979114e-11 -1.66673906e-09
2.48000000e+02 -2.56972366e-16 -5.28301171e-11 -1.63795294e-09
2.49000000e+02 -2.31403806e-16 -5.22623228e-11 -1.60916682e-09
2.50000000e+02 -2.05835246e-16 -5.16945284e-11 -1.58038070e-09
2.51000000e+02 -1.80266687e-16 -5.11267341e-11 -1.55159458e-09
2.52000000e+02 -1.54698127e-16 -5.05589398e-11 -1.52280846e-09
2.53000000e+02 -1.29129567e-16 -4.99911455e-11 -1.49402234e-09
2.54000000e+02 -1.03561008e-16 -4.94233511e-11 -1.46523622e-09
2.55000000e+02 -7.79924480e-17 -4.88555568e-11 -1.43645011e-09
2.56000000e+02 -5.24238883e-17 -4.82877625e-11 -1.40766399e-09
2.57000000e+02 -2.68553285e-17 -4.77199681e-11 -1.37887787e-09
2.58000000e+02 -1.28676884e-18 -4.71521738e-11 -1.35009175e-09
2.59000000e+02 2.42817909e-17 -4.65843795e-11 -1.32130563e-09
2.60000000e+02 4.98503506e-17 -4.60165851e-11 -1.29251951e-09
2.61000000e+02 2.63138229e-17 -4.55610796e-11 -1.27147812e-09
2.62000000e+02 2.77729524e-18 -4.51055741e-11 -1.25043674e-09
2.63000000e+02 -2.07592324e-17 -4.46500686e-11 -1.22939535e-09
2.64000000e+02 -4.42957601e-17 -4.41945631e-11 -1.20835397e-09
2.65000000e+02 -6.78322878e-17 -4.37390575e-11 -1.18731258e-09
2.66000000e+02 -9.13688154e-17 -4.32835520e-11 -1.16627120e-09
2.67000000e+02 -1.14905343e-16 -4.28280465e-11 -1.14522981e-09
2.68000000e+02 -1.38441871e-16 -4.23725410e-11 -1.12418842e-09
2.69000000e+02 -1.61978398e-16 -4.19170355e-11 -1.10314704e-09
2.70000000e+02 -1.85514926e-16 -4.14615299e-11 -1.08210565e-09
2.71000000e+02 -2.09051454e-16 -4.10060244e-11 -1.06106427e-09
2.72000000e+02 -2.32587981e-16 -4.05505189e-11 -1.04002288e-09
2.73000000e+02 -2.56124509e-16 -4.00950134e-11 -1.01898149e-09
2.74000000e+02 -2.79661037e-16 -3.96395079e-11 -9.97940109e-10
2.75000000e+02 -3.03197564e-16 -3.91840023e-11 -9.76898723e-10
2.76000000e+02 -3.26734092e-16 -3.87284968e-11 -9.55857337e-10
2.77000000e+02 -3.50270620e-16 -3.82729913e-11 -9.34815951e-10
2.78000000e+02 -3.73807147e-16 -3.78174858e-11 -9.13774566e-10
2.79000000e+02 -3.97343675e-16 -3.73619803e-11 -8.92733180e-10
2.80000000e+02 -5.51123515e-16 -3.69067700e-11 -8.71691632e-10
2.81000000e+02 -2.34625493e-03 -5.31933820e-03 2.91093428e-03
2.82000000e+02 -4.69250987e-03 -1.06386764e-02 5.82186942e-03
2.83000000e+02 -7.03876480e-03 -1.59580145e-02 8.73280457e-03
2.84000000e+02 -9.38501974e-03 -2.12773527e-02 1.16437397e-02
2.85000000e+02 -1.17312747e-02 -2.65966908e-02 1.45546749e-02
2.86000000e+02 -1.40775296e-02 -3.19160290e-02 1.74656100e-02
2.87000000e+02 -1.64237845e-02 -3.72353672e-02 2.03765452e-02
2.88000000e+02 -1.87700395e-02 -4.25547053e-02 2.32874803e-02
2.89000000e+02 -2.11162944e-02 -4.78740435e-02 2.61984155e-02
2.90000000e+02 -2.34625493e-02 -5.31933816e-02 2.91093506e-02
2.91000000e+02 -2.58088043e-02 -5.85127198e-02 3.20202857e-02
2.92000000e+02 -2.81550592e-02 -6.38320580e-02 3.49312209e-02
2.93000000e+02 -3.05013141e-02 -6.91513961e-02 3.78421560e-02
2.94000000e+02 -3.28475691e-02 -7.44707343e-02 4.07530912e-02
2.95000000e+02 -3.51938240e-02 -7.97900725e-02 4.36640263e-02
2.96000000e+02 -3.75400789e-02 -8.51094106e-02 4.65749615e-02
2.97000000e+02 -3.98863339e-02 -9.04287488e-02 4.94858966e-02
2.98000000e+02 -4.22325888e-02 -9.57480869e-02 5.23968318e-02
2.99000000e+02 -4.45788437e-02 -1.01067425e-01 5.53077669e-02
3.00000000e+02 -4.69250987e-02 -1.06386763e-01 5.82187021e-02
3.01000000e+02 -5.63615458e-02 -1.31929377e-01 7.11428323e-02
3.02000000e+02 -6.57979930e-02 -1.57471991e-01 8.40669625e-02
3.03000000e+02 -7.52344401e-02 -1.83014604e-01 9.69910927e-02
3.04000000e+02 -8.46708873e-02 -2.08557218e-01 1.09915223e-01
3.05000000e+02 -9.41073345e-02 -2.34099831e-01 1.22839353e-01
3.06000000e+02 -1.03543782e-01 -2.59642445e-01 1.35763483e-01
3.07000000e+02 -1.12980229e-01 -2.85185059e-01 1.48687613e-01
3.08000000e+02 -1.22416676e-01 -3.10727672e-01 1.61611744e-01
3.09000000e+02 -1.31853123e-01 -3.36270286e-01 1.74535874e-01
3.10000000e+02 -1.41289570e-01 -3.61812900e-01 1.87460004e-01
3.11000000e+02 -1.50726017e-01 -3.87355513e-01 2.00384134e-01
3.12000000e+02 -1.60162465e-01 -4.12898127e-01 2.13308264e-01
3.13000000e+02 -1.69598912e-01 -4.38440740e-01 2.26232395e-01
3.14000000e+02 -1.79035359e-01 -4.63983354e-01 2.39156525e-01
3.15000000e+02 -1.88471806e-01 -4.89525968e-01 2.52080655e-01
3.16000000e+02 -1.97908253e-01 -5.15068581e-01 2.65004785e-01
3.17000000e+02 -2.07344700e-01 -5.40611195e-01 2.77928915e-01
3.18000000e+02 -2.16781147e-01 -5.66153809e-01 2.90853046e-01
3.19000000e+02 -2.26217595e-01 -5.91696422e-01 3.03777176e-01
3.20000000e+02 -2.35654042e-01 -6.17239036e-01 3.16701306e-01
3.21000000e+02 -2.34758132e-01 -6.31025685e-01 3.21070696e-01
3.22000000e+02 -2.33862223e-01 -6.44812334e-01 3.25440087e-01
3.23000000e+02 -2.32966313e-01 -6.58598984e-01 3.29809477e-01
3.24000000e+02 -2.32070403e-01 -6.72385633e-01 3.34178868e-01
3.25000000e+02 -2.31174494e-01 -6.86172282e-01 3.38548258e-01
3.26000000e+02 -2.30278584e-01 -6.99958931e-01 3.42917649e-01
3.27000000e+02 -2.29382675e-01 -7.13745580e-01 3.47287039e-01
3.28000000e+02 -2.28486765e-01 -7.27532230e-01 3.51656429e-01
3.29000000e+02 -2.27590856e-01 -7.41318879e-01 3.56025820e-01
3.30000000e+02 -2.26694946e-01 -7.55105528e-01 3.60395210e-01
3.31000000e+02 -2.25799036e-01 -7.68892177e-01 3.64764601e-01
3.32000000e+02 -2.24903127e-01 -7.82678826e-01 3.69133991e-01
3.33000000e+02 -2.24007217e-01 -7.96465476e-01 3.73503382e-01
3.34000000e+02 -2.23111308e-01 -8.10252125e-01 3.77872772e-01
3.35000000e+02 -2.22215398e-01 -8.24038774e-01 3.82242162e-01
3.36000000e+02 -2.21319488e-01 -8.37825423e-01 3.86611553e-01
3.37000000e+02 -2.20423579e-01 -8.51612073e-01 3.90980943e-01
3.38000000e+02 -2.19527669e-01 -8.65398722e-01 3.95350334e-01
3.39000000e+02 -2.18631760e-01 -8.79185371e-01 3.99719724e-01
3.40000000e+02 -2.17735850e-01 -8.92972020e-01 4.04089115e-01
3.41000000e+02 -1.96899249e-01 -8.79017730e-01 3.95759156e-01
3.42000000e+02 -1.76062647e-01 -8.65063440e-01 3.87429198e-01
3.43000000e+02 -1.55226046e-01 -8.51109149e-01 3.79099240e-01
3.44000000e+02 -1.34389445e-01 -8.37154859e-01 3.70769282e-01
3.45000000e+02 -1.13552843e-01 -8.23200569e-01 3.62439324e-01
3.46000000e+02 -9.27162421e-02 -8.09246278e-01 3.54109366e-01
3.47000000e+02 -7.18796408e-02 -7.95291988e-01 3.45779408e-01
3.48000000e+02 -5.10430395e-02 -7.81337698e-01 3.37449450e-01
3.49000000e+02 -3.02064382e-02 -7.67383408e-01 3.29119492e-01
3.50000000e+02 -9.36983684e-03 -7.53429117e-01 3.20789534e-01
3.51000000e+02 1.14667645e-02 -7.39474827e-01 3.12459576e-01
3.52000000e+02 3.23033658e-02 -7.25520537e-01 3.04129618e-01
3.53000000e+02 5.31399671e-02 -7.11566246e-01 2.95799660e-01
3.54000000e+02 7.39765684e-02 -6.97611956e-01 2.87469702e-01
3.55000000e+02 9.48131698e-02 -6.83657666e-01 2.79139744e-01
3.56000000e+02 1.15649771e-01 -6.69703376e-01 2.70809786e-01
3.57000000e+02 1.36486372e-01 -6.55749085e-01 2.62479828e-01
3.58000000e+02 1.57322974e-01 -6.41794795e-01 2.54149870e-01
3.59000000e+02 1.78159575e-01 -6.27840505e-01 2.45819912e-01
3.60000000e+02 1.98996176e-01 -6.13886214e-01 2.37489954e-01
3.61000000e+02 2.35492734e-01 -5.80966112e-01 2.22703888e-01
3.62000000e+02 2.71989291e-01 -5.48046010e-01 2.07917821e-01
3.63000000e+02 3.08485848e-01 -5.15125908e-01 1.93131755e-01
3.64000000e+02 3.44982405e-01 -4.82205806e-01 1.78345688e-01
3.65000000e+02 3.81478962e-01 -4.49285704e-01 1.63559622e-01
3.66000000e+02 4.17975519e-01 -4.16365602e-01 1.48773556e-01
3.67000000e+02 4.54472077e-01 -3.83445500e-01 1.33987489e-01
3.68000000e+02 4.90968634e-01 -3.50525398e-01 1.19201423e-01
3.69000000e+02 5.27465191e-01 -3.17605296e-01 1.04415356e-01
3.70000000e+02 5.63961748e-01 -2.84685194e-01 8.96292901e-02
3.71000000e+02 6.00458305e-01 -2.51765092e-01 7.48432236e-02
3.72000000e+02 6.36954863e-01 -2.18844990e-01 6.00571572e-02
3.73000000e+02 6.73451420e-01 -1.85924888e-01 4.52710908e-02
3.74000000e+02 7.09947977e-01 -1.53004786e-01 3.04850244e-02
3.75000000e+02 7.46444534e-01 -1.20084684e-01 1.56989580e-02
3.76000000e+02 7.82941091e-01 -8.71645818e-02 9.12891619e-04
3.77000000e+02 8.19437648e-01 -5.42444798e-02 -1.38731748e-02
3.78000000e+02 8.55934206e-01 -2.13243778e-02 -2.86592412e-02
3.79000000e+02 8.92430763e-01 1.15957242e-02 -4.34453076e-02
3.80000000e+02 9.28927320e-01 4.45158263e-02 -5.82313740e-02
3.81000000e+02 9.64212573e-01 7.56943841e-02 -7.56742332e-02
3.82000000e+02 9.99497825e-01 1.06872942e-01 -9.31170923e-02
3.83000000e+02 1.03478308e+00 1.38051500e-01 -1.10559952e-01
3.84000000e+02 1.07006833e+00 1.69230057e-01 -1.28002811e-01
3.85000000e+02 1.10535358e+00 2.00408615e-01 -1.45445670e-01
3.86000000e+02 1.14063884e+00 2.31587173e-01 -1.62888529e-01
3.87000000e+02 1.17592409e+00 2.62765731e-01 -1.80331388e-01
3.88000000e+02 1.21120934e+00 2.93944289e-01 -1.97774247e-01
3.89000000e+02 1.24649459e+00 3.25122846e-01 -2.15217106e-01
3.90000000e+02 1.28177985e+00 3.56301404e-01 -2.32659966e-01
3.91000000e+02 1.31706510e+00 3.87479962e-01 -2.50102825e-01
3.92000000e+02 1.35235035e+00 4.18658520e-01 -2.67545684e-01
3.93000000e+02 1.38763560e+00 4.49837078e-01 -2.84988543e-01
3.94000000e+02 1.42292086e+00 4.81015635e-01 -3.02431402e-01
3.95000000e+02 1.45820611e+00 5.12194193e-01 -3.19874261e-01
3.96000000e+02 1.49349136e+00 5.43372751e-01 -3.37317121e-01
3.97000000e+02 1.52877661e+00 5.74551309e-01 -3.54759980e-01
3.98000000e+02 1.56406187e+00 6.05729867e-01 -3.72202839e-01
3.99000000e+02 1.59934712e+00 6.36908424e-01 -3.89645698e-01
4.00000000e+02 1.63463237e+00 6.68086982e-01 -4.07088557e-01
4.01000000e+02 1.65010854e+00 6.83787363e-01 -4.23109090e-01
4.02000000e+02 1.66558471e+00 6.99487744e-01 -4.39129623e-01
4.03000000e+02 1.68106088e+00 7.15188125e-01 -4.55150156e-01
4.04000000e+02 1.69653706e+00 7.30888506e-01 -4.71170689e-01
4.05000000e+02 1.71201323e+00 7.46588887e-01 -4.87191222e-01
4.06000000e+02 1.72748940e+00 7.62289268e-01 -5.03211755e-01
4.07000000e+02 1.74296557e+00 7.77989649e-01 -5.19232288e-01
4.08000000e+02 1.75844174e+00 7.93690030e-01 -5.35252821e-01
4.09000000e+02 1.77391791e+00 8.09390411e-01 -5.51273354e-01
4.10000000e+02 1.78939408e+00 8.25090792e-01 -5.67293887e-01
4.11000000e+02 1.80487026e+00 8.40791173e-01 -5.83314420e-01
4.12000000e+02 1.82034643e+00 8.56491554e-01 -5.99334952e-01
4.13000000e+02 1.83582260e+00 8.72191935e-01 -6.15355485e-01
4.14000000e+02 1.85129877e+00 8.87892316e-01 -6.31376018e-01
4.15000000e+02 1.86677494e+00 9.03592697e-01 -6.47396551e-01
4.16000000e+02 1.88225111e+00 9.19293078e-01 -6.63417084e-01
4.17000000e+02 1.89772728e+00 9.34993459e-01 -6.79437617e-01
4.18000000e+02 1.91320346e+00 9.50693840e-01 -6.95458150e-01
4.19000000e+02 1.92867963e+00 9.66394221e-01 -7.11478683e-01
4.20000000e+02 1.94415580e+00 9.82094601e-01 -7.27499216e-01
4.21000000e+02 1.93045913e+00 9.79109491e-01 -7.32591257e-01
4.22000000e+02 1.91676246e+00 9.76124380e-01 -7.37683298e-01
4.23000000e+02 1.90306580e+00 9.73139269e-01 -7.42775339e-01
4.24000000e+02 1.88936913e+00 9.70154158e-01 -7.47867380e-01
4.25000000e+02 1.87567246e+00 9.67169047e-01 -7.52959421e-01
4.26000000e+02 1.86197580e+00 9.64183936e-01 -7.58051463e-01
4.27000000e+02 1.84827913e+00 9.61198825e-01 -7.63143504e-01
4.28000000e+02 1.83458246e+00 9.58213714e-01 -7.68235545e-01
4.29000000e+02 1.82088580e+00 9.55228604e-01 -7.73327586e-01
4.30000000e+02 1.80718913e+00 9.52243493e-01 -7.78419627e-01
4.31000000e+02 1.79349246e+00 9.49258382e-01 -7.83511668e-01
4.32000000e+02 1.77979579e+00 9.46273271e-01 -7.88603709e-01
4.33000000e+02 1.76609913e+00 9.43288160e-01 -7.93695750e-01
4.34000000e+02 1.75240246e+00 9.40303049e-01 -7.98787791e-01
4.35000000e+02 1.73870579e+00 9.37317938e-01 -8.03879832e-01
4.36000000e+02 1.72500913e+00 9.34332827e-01 -8.08971874e-01
4.37000000e+02 1.71131246e+00 9.31347717e-01 -8.14063915e-01
4.38000000e+02 1.69761579e+00 9.28362606e-01 -8.19155956e-01
4.39000000e+02 1.68391912e+00 9.25377495e-01 -8.24247997e-01
4.40000000e+02 1.67022246e+00 9.22392384e-01 -8.29340038e-01
4.41000000e+02 1.63186987e+00 9.03605440e-01 -8.15572668e-01
4.42000000e+02 1.59351729e+00 8.84818495e-01 -8.01805299e-01
4.43000000e+02 1.55516470e+00 8.66031551e-01 -7.88037929e-01
4.44000000e+02 1.51681212e+00 8.47244607e-01 -7.74270559e-01
4.45000000e+02 1.47845954e+00 8.28457662e-01 -7.60503190e-01
4.46000000e+02 1.44010695e+00 8.09670718e-01 -7.46735820e-01
4.47000000e+02 1.40175437e+00 7.90883774e-01 -7.32968450e-01
4.48000000e+02 1.36340178e+00 7.72096829e-01 -7.19201081e-01
4.49000000e+02 1.32504920e+00 7.53309885e-01 -7.05433711e-01
4.50000000e+02 1.28669661e+00 7.34522941e-01 -6.91666342e-01
4.51000000e+02 1.24834403e+00 7.15735996e-01 -6.77898972e-01
4.52000000e+02 1.20999145e+00 6.96949052e-01 -6.64131602e-01
4.53000000e+02 1.17163886e+00 6.78162108e-01 -6.50364233e-01
4.54000000e+02 1.13328628e+00 6.59375164e-01 -6.36596863e-01
4.55000000e+02 1.09493369e+00 6.40588219e-01 -6.22829493e-01
4.56000000e+02 1.05658111e+00 6.21801275e-01 -6.09062124e-01
4.57000000e+02 1.01822852e+00 6.03014331e-01 -5.95294754e-01
4.58000000e+02 9.79875941e-01 5.84227386e-01 -5.81527384e-01
4.59000000e+02 9.41523356e-01 5.65440442e-01 -5.67760015e-01
4.60000000e+02 9.03170772e-01 5.46653498e-01 -5.53992645e-01
4.61000000e+02 8.62387491e-01 5.23496636e-01 -5.30894070e-01
4.62000000e+02 8.21604210e-01 5.00339774e-01 -5.07795494e-01
4.63000000e+02 7.80820930e-01 4.77182912e-01 -4.84696919e-01
4.64000000e+02 7.40037649e-01 4.54026050e-01 -4.61598343e-01
4.65000000e+02 6.99254368e-01 4.30869187e-01 -4.38499768e-01
4.66000000e+02 6.58471087e-01 4.07712325e-01 -4.15401192e-01
4.67000000e+02 6.17687806e-01 3.84555463e-01 -3.92302617e-01
4.68000000e+02 5.76904525e-01 3.61398601e-01 -3.69204041e-01
4.69000000e+02 5.36121245e-01 3.38241739e-01 -3.46105466e-01
4.70000000e+02 4.95337964e-01 3.15084877e-01 -3.23006890e-01
4.71000000e+02 4.54554683e-01 2.91928015e-01 -2.99908315e-01
4.72000000e+02 4.13771402e-01 2.68771153e-01 -2.76809739e-01
4.73000000e+02 3.72988121e-01 2.45614291e-01 -2.53711164e-01
4.74000000e+02 3.32204841e-01 2.22457429e-01 -2.30612588e-01
4.75000000e+02 2.91421560e-01 1.99300567e-01 -2.07514013e-01
4.76000000e+02 2.50638279e-01 1.76143705e-01 -1.84415437e-01
4.77000000e+02 2.09854998e-01 1.52986843e-01 -1.61316862e-01
4.78000000e+02 1.69071717e-01 1.29829981e-01 -1.38218286e-01
4.79000000e+02 1.28288436e-01 1.06673119e-01 -1.15119711e-01
4.80000000e+02 8.75051556e-02 8.35162567e-02 -9.20211354e-02
4.81000000e+02 7.96093232e-02 7.85387249e-02 -8.68212898e-02
4.82000000e+02 7.17134908e-02 7.35611930e-02 -8.16214441e-02
4.83000000e+02 6.38176585e-02 6.85836612e-02 -7.64215985e-02
4.84000000e+02 5.59218261e-02 6.36061293e-02 -7.12217528e-02
4.85000000e+02 4.80259937e-02 5.86285975e-02 -6.60219072e-02
4.86000000e+02 4.01301614e-02 5.36510656e-02 -6.08220615e-02
4.87000000e+02 3.22343290e-02 4.86735337e-02 -5.56222159e-02
4.88000000e+02 2.43384966e-02 4.36960019e-02 -5.04223702e-02
4.89000000e+02 1.64426643e-02 3.87184700e-02 -4.52225246e-02
4.90000000e+02 8.54683191e-03 3.37409382e-02 -4.00226789e-02
4.91000000e+02 6.50999549e-04 2.87634063e-02 -3.48228333e-02
4.92000000e+02 -7.24483282e-03 2.37858745e-02 -2.96229876e-02
4.93000000e+02 -1.51406652e-02 1.88083426e-02 -2.44231420e-02
4.94000000e+02 -2.30364975e-02 1.38308107e-02 -1.92232963e-02
4.95000000e+02 -3.09323299e-02 8.85327889e-03 -1.40234507e-02
4.96000000e+02 -3.88281623e-02 3.87574704e-03 -8.82360503e-03
4.97000000e+02 -4.67239946e-02 -1.10178482e-03 -3.62375938e-03
4.98000000e+02 -5.46198270e-02 -6.07931668e-03 1.57608626e-03
4.99000000e+02 -6.25156594e-02 -1.10568485e-02 6.77593191e-03
5.00000000e+02 -7.04114917e-02 -1.60343804e-02 1.19757776e-02
5.01000000e+02 -6.98410515e-02 -1.58416629e-02 1.18491715e-02
5.02000000e+02 -6.92706113e-02 -1.56489454e-02 1.17225655e-02
5.03000000e+02 -6.87001711e-02 -1.54562279e-02 1.15959595e-02
5.04000000e+02 -6.81297309e-02 -1.52635104e-02 1.14693535e-02
5.05000000e+02 -6.75592907e-02 -1.50707928e-02 1.13427474e-02
5.06000000e+02 -6.69888505e-02 -1.48780753e-02 1.12161414e-02
5.07000000e+02 -6.64184103e-02 -1.46853578e-02 1.10895354e-02
5.08000000e+02 -6.58479701e-02 -1.44926403e-02 1.09629294e-02
5.09000000e+02 -6.52775299e-02 -1.42999228e-02 1.08363233e-02
5.10000000e+02 -6.47070897e-02 -1.41072053e-02 1.07097173e-02
5.11000000e+02 -6.41366494e-02 -1.39144878e-02 1.05831113e-02
5.12000000e+02 -6.35662092e-02 -1.37217703e-02 1.04565053e-02
5.13000000e+02 -6.29957690e-02 -1.35290528e-02 1.03298992e-02
5.14000000e+02 -6.24253288e-02 -1.33363353e-02 1.02032932e-02
5.15000000e+02 -6.18548886e-02 -1.31436178e-02 1.00766872e-02
5.16000000e+02 -6.12844484e-02 -1.29509003e-02 9.95008115e-03
5.17000000e+02 -6.07140082e-02 -1.27581828e-02 9.82347513e-03
5.18000000e+02 -6.01435680e-02 -1.25654652e-02 9.69686910e-03
5.19000000e+02 -5.95731278e-02 -1.23727477e-02 9.57026307e-03
5.20000000e+02 -5.90026876e-02 -1.21800302e-02 9.44365705e-03
5.21000000e+02 -5.85417678e-02 -1.20273649e-02 9.34402339e-03
5.22000000e+02 -5.80808480e-02 -1.18746997e-02 9.24438974e-03
5.23000000e+02 -5.76199283e-02 -1.17220344e-02 9.14475608e-03
5.24000000e+02 -5.71590085e-02 -1.15693691e-02 9.04512243e-03
5.25000000e+02 -5.66980888e-02 -1.14167038e-02 8.94548877e-03
5.26000000e+02 -5.62371690e-02 -1.12640385e-02 8.84585512e-03
5.27000000e+02 -5.57762493e-02 -1.11113732e-02 8.74622146e-03
5.28000000e+02 -5.53153295e-02 -1.09587079e-02 8.64658780e-03
5.29000000e+02 -5.48544097e-02 -1.08060427e-02 8.54695415e-03
5.30000000e+02 -5.43934900e-02 -1.06533774e-02 8.44732049e-03
5.31000000e+02 -5.39325702e-02 -1.05007121e-02 8.34768684e-03
5.32000000e+02 -5.34716505e-02 -1.03480468e-02 8.24805318e-03
5.33000000e+02 -5.30107307e-02 -1.01953815e-02 8.14841953e-03
5.34000000e+02 -5.25498110e-02 -1.00427162e-02 8.04878587e-03
5.35000000e+02 -5.20888912e-02 -9.89005093e-03 7.94915222e-03
5.36000000e+02 -5.16279714e-02 -9.73738564e-03 7.84951856e-03
5.37000000e+02 -5.11670517e-02 -9.58472036e-03 7.74988490e-03
5.38000000e+02 -5.07061319e-02 -9.43205507e-03 7.65025125e-03
5.39000000e+02 -5.02452122e-02 -9.27938979e-03 7.55061759e-03
5.40000000e+02 -4.97842924e-02 -9.12672450e-03 7.45098394e-03
5.41000000e+02 -4.94108351e-02 -9.00595642e-03 7.37231192e-03
5.42000000e+02 -4.90373777e-02 -8.88518835e-03 7.29363989e-03
5.43000000e+02 -4.86639204e-02 -8.76442028e-03 7.21496787e-03
5.44000000e+02 -4.82904630e-02 -8.64365220e-03 7.13629585e-03
5.45000000e+02 -4.79170057e-02 -8.52288413e-03 7.05762382e-03
5.46000000e+02 -4.75435484e-02 -8.40211605e-03 6.97895180e-03
5.47000000e+02 -4.71700910e-02 -8.28134798e-03 6.90027978e-03
5.48000000e+02 -4.67966337e-02 -8.16057990e-03 6.82160776e-03
5.49000000e+02 -4.64231763e-02 -8.03981183e-03 6.74293573e-03
5.50000000e+02 -4.60497190e-02 -7.91904376e-03 6.66426371e-03
5.51000000e+02 -4.56762616e-02 -7.79827568e-03 6.58559169e-03
5.52000000e+02 -4.53028043e-02 -7.67750761e-03 6.50691966e-03
5.53000000e+02 -4.49293469e-02 -7.55673953e-03 6.42824764e-03
5.54000000e+02 -4.45558896e-02 -7.43597146e-03 6.34957562e-03
5.55000000e+02 -4.41824323e-02 -7.31520338e-03 6.27090360e-03
5.56000000e+02 -4.38089749e-02 -7.19443531e-03 6.19223157e-03
5.57000000e+02 -4.34355176e-02 -7.07366724e-03 6.11355955e-03
5.58000000e+02 -4.30620602e-02 -6.95289916e-03 6.03488753e-03
5.59000000e+02 -4.26886029e-02 -6.83213109e-03 5.95621551e-03
5.60000000e+02 -4.23151455e-02 -6.71136301e-03 5.87754348e-03
5.61000000e+02 -4.20116374e-02 -6.61601304e-03 5.81525432e-03
5.62000000e+02 -4.17081293e-02 -6.52066306e-03 5.75296516e-03
5.63000000e+02 -4.14046211e-02 -6.42531308e-03 5.69067600e-03
5.64000000e+02 -4.11011130e-02 -6.32996310e-03 5.62838684e-03
5.65000000e+02 -4.07976049e-02 -6.23461313e-03 5.56609768e-03
5.66000000e+02 -4.04940967e-02 -6.13926315e-03 5.50380852e-03
5.67000000e+02 -4.01905886e-02 -6.04391317e-03 5.44151936e-03
5.68000000e+02 -3.98870804e-02 -5.94856319e-03 5.37923020e-03
5.69000000e+02 -3.95835723e-02 -5.85321322e-03 5.31694104e-03
5.70000000e+02 -3.92800642e-02 -5.75786324e-03 5.25465188e-03
5.71000000e+02 -3.89765560e-02 -5.66251326e-03 5.19236272e-03
5.72000000e+02 -3.86730479e-02 -5.56716328e-03 5.13007356e-03
5.73000000e+02 -3.83695398e-02 -5.47181331e-03 5.06778440e-03
5.74000000e+02 -3.80660316e-02 -5.37646333e-03 5.00549524e-03
5.75000000e+02 -3.77625235e-02 -5.28111335e-03 4.94320608e-03
5.76000000e+02 -3.74590153e-02 -5.18576337e-03 4.88091692e-03
5.77000000e+02 -3.71555072e-02 -5.09041340e-03 4.81862776e-03
5.78000000e+02 -3.68519991e-02 -4.99506342e-03 4.75633860e-03
5.79000000e+02 -3.65484909e-02 -4.89971344e-03 4.69404944e-03
5.80000000e+02 -3.62449828e-02 -4.80436347e-03 4.63176028e-03
5.81000000e+02 -3.59974939e-02 -4.72927626e-03 4.58233633e-03
5.82000000e+02 -3.57500049e-02 -4.65418906e-03 4.53291239e-03
5.83000000e+02 -3.55025160e-02 -4.57910186e-03 4.48348844e-03
5.84000000e+02 -3.52550271e-02 -4.50401466e-03 4.43406450e-03
5.85000000e+02 -3.50075382e-02 -4.42892746e-03 4.38464055e-03
5.86000000e+02 -3.47600493e-02 -4.35384026e-03 4.33521660e-03
5.87000000e+02 -3.45125603e-02 -4.27875306e-03 4.28579266e-03
5.88000000e+02 -3.42650714e-02 -4.20366586e-03 4.23636871e-03
5.89000000e+02 -3.40175825e-02 -4.12857865e-03 4.18694477e-03
5.90000000e+02 -3.37700936e-02 -4.05349145e-03 4.13752082e-03
5.91000000e+02 -3.35226046e-02 -3.97840425e-03 4.08809687e-03
5.92000000e+02 -3.32751157e-02 -3.90331705e-03 4.03867293e-03
5.93000000e+02 -3.30276268e-02 -3.82822985e-03 3.98924898e-03
5.94000000e+02 -3.27801379e-02 -3.75314265e-03 3.93982504e-03
5.95000000e+02 -3.25326490e-02 -3.67805545e-03 3.89040109e-03
5.96000000e+02 -3.22851600e-02 -3.60296825e-03 3.84097715e-03
5.97000000e+02 -3.20376711e-02 -3.52788104e-03 3.79155320e-03
5.98000000e+02 -3.17901822e-02 -3.45279384e-03 3.74212925e-03
5.99000000e+02 -3.15426933e-02 -3.37770664e-03 3.69270531e-03
6.00000000e+02 -3.12952044e-02 -3.30261944e-03 3.64328136e-03
6.01000000e+02 -3.10926382e-02 -3.24368758e-03 3.60400033e-03
6.02000000e+02 -3.08900721e-02 -3.18475571e-03 3.56471930e-03
6.03000000e+02 -3.06875059e-02 -3.12582385e-03 3.52543826e-03
6.04000000e+02 -3.04849398e-02 -3.06689198e-03 3.48615723e-03
6.05000000e+02 -3.02823736e-02 -3.00796012e-03 3.44687620e-03
6.06000000e+02 -3.00798075e-02 -2.94902825e-03 3.40759517e-03
6.07000000e+02 -2.98772414e-02 -2.89009639e-03 3.36831413e-03
6.08000000e+02 -2.96746752e-02 -2.83116452e-03 3.32903310e-03
6.09000000e+02 -2.94721091e-02 -2.77223266e-03 3.28975207e-03
6.10000000e+02 -2.92695429e-02 -2.71330079e-03 3.25047104e-03
6.11000000e+02 -2.90669768e-02 -2.65436893e-03 3.21119000e-03
6.12000000e+02 -2.88644107e-02 -2.59543706e-03 3.17190897e-03
6.13000000e+02 -2.86618445e-02 -2.53650520e-03 3.13262794e-03
6.14000000e+02 -2.84592784e-02 -2.47757333e-03 3.09334691e-03
6.15000000e+02 -2.82567122e-02 -2.41864147e-03 3.05406587e-03
6.16000000e+02 -2.80541461e-02 -2.35970960e-03 3.01478484e-03
6.17000000e+02 -2.78515800e-02 -2.30077774e-03 2.97550381e-03
6.18000000e+02 -2.76490138e-02 -2.24184587e-03 2.93622278e-03
6.19000000e+02 -2.74464477e-02 -2.18291401e-03 2.89694174e-03
6.20000000e+02 -2.72438815e-02 -2.12398214e-03 2.85766071e-03
6.21000000e+02 -2.70773880e-02 -2.07792939e-03 2.82640260e-03
6.22000000e+02 -2.69108944e-02 -2.03187663e-03 2.79514448e-03
6.23000000e+02 -2.67444008e-02 -1.98582388e-03 2.76388637e-03
6.24000000e+02 -2.65779072e-02 -1.93977112e-03 2.73262825e-03
6.25000000e+02 -2.64114136e-02 -1.89371836e-03 2.70137014e-03
6.26000000e+02 -2.62449200e-02 -1.84766561e-03 2.67011202e-03
6.27000000e+02 -2.60784265e-02 -1.80161285e-03 2.63885391e-03
6.28000000e+02 -2.59119329e-02 -1.75556010e-03 2.60759580e-03
6.29000000e+02 -2.57454393e-02 -1.70950734e-03 2.57633768e-03
6.30000000e+02 -2.55789457e-02 -1.66345459e-03 2.54507957e-03
6.31000000e+02 -2.54124521e-02 -1.61740183e-03 2.51382145e-03
6.32000000e+02 -2.52459585e-02 -1.57134907e-03 2.48256334e-03
6.33000000e+02 -2.50794649e-02 -1.52529632e-03 2.45130522e-03
6.34000000e+02 -2.49129714e-02 -1.47924356e-03 2.42004711e-03
6.35000000e+02 -2.47464778e-02 -1.43319081e-03 2.38878899e-03
6.36000000e+02 -2.45799842e-02 -1.38713805e-03 2.35753088e-03
6.37000000e+02 -2.44134906e-02 -1.34108529e-03 2.32627276e-03
6.38000000e+02 -2.42469970e-02 -1.29503254e-03 2.29501465e-03
6.39000000e+02 -2.40805034e-02 -1.24897978e-03 2.26375654e-03
6.40000000e+02 -2.39140099e-02 -1.20292703e-03 2.23249842e-03
6.41000000e+02 -1.73177714e-02 1.83879342e-02 1.26638842e-02
6.42000000e+02 -1.07215329e-02 3.79787953e-02 2.30952699e-02
6.43000000e+02 -4.12529440e-03 5.75696565e-02 3.35266556e-02
6.44000000e+02 2.47094409e-03 7.71605177e-02 4.39580414e-02
6.45000000e+02 9.06718258e-03 9.67513789e-02 5.43894271e-02
6.46000000e+02 1.56634211e-02 1.16342240e-01 6.48208128e-02
6.47000000e+02 2.22596596e-02 1.35933101e-01 7.52521986e-02
6.48000000e+02 2.88558980e-02 1.55523962e-01 8.56835843e-02
6.49000000e+02 3.54521365e-02 1.75114824e-01 9.61149701e-02
6.50000000e+02 4.20483750e-02 1.94705685e-01 1.06546356e-01
6.51000000e+02 4.86446135e-02 2.14296546e-01 1.16977742e-01
6.52000000e+02 5.52408520e-02 2.33887407e-01 1.27409127e-01
6.53000000e+02 6.18370905e-02 2.53478268e-01 1.37840513e-01
6.54000000e+02 6.84333290e-02 2.73069129e-01 1.48271899e-01
6.55000000e+02 7.50295675e-02 2.92659991e-01 1.58703284e-01
6.56000000e+02 8.16258060e-02 3.12250852e-01 1.69134670e-01
6.57000000e+02 8.82220444e-02 3.31841713e-01 1.79566056e-01
6.58000000e+02 9.48182829e-02 3.51432574e-01 1.89997442e-01
6.59000000e+02 1.01414521e-01 3.71023435e-01 2.00428827e-01
6.60000000e+02 1.08010760e-01 3.90614297e-01 2.10860213e-01
6.61000000e+02 1.19931671e-01 4.20191766e-01 2.23914332e-01
6.62000000e+02 1.31852581e-01 4.49769236e-01 2.36968451e-01
6.63000000e+02 1.43773492e-01 4.79346705e-01 2.50022571e-01
6.64000000e+02 1.55694402e-01 5.08924175e-01 2.63076690e-01
6.65000000e+02 1.67615313e-01 5.38501644e-01 2.76130809e-01
6.66000000e+02 1.79536224e-01 5.68079114e-01 2.89184928e-01
6.67000000e+02 1.91457134e-01 5.97656583e-01 3.02239047e-01
6.68000000e+02 2.03378045e-01 6.27234053e-01 3.15293166e-01
6.69000000e+02 2.15298956e-01 6.56811522e-01 3.28347285e-01
6.70000000e+02 2.27219866e-01 6.86388992e-01 3.41401404e-01
6.71000000e+02 2.39140777e-01 7.15966462e-01 3.54455523e-01
6.72000000e+02 2.51061687e-01 7.45543931e-01 3.67509643e-01
6.73000000e+02 2.62982598e-01 7.75121401e-01 3.80563762e-01
6.74000000e+02 2.74903509e-01 8.04698870e-01 3.93617881e-01
6.75000000e+02 2.86824419e-01 8.34276340e-01 4.06672000e-01
6.76000000e+02 2.98745330e-01 8.63853809e-01 4.19726119e-01
6.77000000e+02 3.10666241e-01 8.93431279e-01 4.32780238e-01
6.78000000e+02 3.22587151e-01 9.23008748e-01 4.45834357e-01
6.79000000e+02 3.34508062e-01 9.52586218e-01 4.58888476e-01
6.80000000e+02 3.46428973e-01 9.82163688e-01 4.71942596e-01
6.81000000e+02 3.53085090e-01 9.92828617e-01 4.71835060e-01
6.82000000e+02 3.59741208e-01 1.00349355e+00 4.71727524e-01
6.83000000e+02 3.66397325e-01 1.01415848e+00 4.71619988e-01
6.84000000e+02 3.73053443e-01 1.02482341e+00 4.71512452e-01
6.85000000e+02 3.79709560e-01 1.03548834e+00 4.71404916e-01
6.86000000e+02 3.86365678e-01 1.04615327e+00 4.71297380e-01
6.87000000e+02 3.93021796e-01 1.05681820e+00 4.71189845e-01
6.88000000e+02 3.99677913e-01 1.06748313e+00 4.71082309e-01
6.89000000e+02 4.06334031e-01 1.07814805e+00 4.70974773e-01
6.90000000e+02 4.12990148e-01 1.08881298e+00 4.70867237e-01
6.91000000e+02 4.19646266e-01 1.09947791e+00 4.70759701e-01
6.92000000e+02 4.26302383e-01 1.11014284e+00 4.70652165e-01
6.93000000e+02 4.32958501e-01 1.12080777e+00 4.70544629e-01
6.94000000e+02 4.39614619e-01 1.13147270e+00 4.70437093e-01
6.95000000e+02 4.46270736e-01 1.14213763e+00 4.70329558e-01
6.96000000e+02 4.52926854e-01 1.15280256e+00 4.70222022e-01
6.97000000e+02 4.59582971e-01 1.16346749e+00 4.70114486e-01
6.98000000e+02 4.66239089e-01 1.17413242e+00 4.70006950e-01
6.99000000e+02 4.72895206e-01 1.18479735e+00 4.69899414e-01
7.00000000e+02 4.79551324e-01 1.19546228e+00 4.69791878e-01
7.01000000e+02 4.79408109e-01 1.17706284e+00 4.59721667e-01
7.02000000e+02 4.79264894e-01 1.15866340e+00 4.49651456e-01
7.03000000e+02 4.79121678e-01 1.14026396e+00 4.39581245e-01
7.04000000e+02 4.78978463e-01 1.12186452e+00 4.29511033e-01
7.05000000e+02 4.78835248e-01 1.10346508e+00 4.19440822e-01
7.06000000e+02 4.78692033e-01 1.08506564e+00 4.09370611e-01
7.07000000e+02 4.78548817e-01 1.06666620e+00 3.99300400e-01
7.08000000e+02 4.78405602e-01 1.04826676e+00 3.89230188e-01
7.09000000e+02 4.78262387e-01 1.02986732e+00 3.79159977e-01
7.10000000e+02 4.78119172e-01 1.01146788e+00 3.69089766e-01
7.11000000e+02 4.77975956e-01 9.93068441e-01 3.59019555e-01
7.12000000e+02 4.77832741e-01 9.74669001e-01 3.48949344e-01
7.13000000e+02 4.77689526e-01 9.56269561e-01 3.38879132e-01
7.14000000e+02 4.77546311e-01 9.37870121e-01 3.28808921e-01
7.15000000e+02 4.77403095e-01 9.19470681e-01 3.18738710e-01
7.16000000e+02 4.77259880e-01 9.01071241e-01 3.08668499e-01
7.17000000e+02 4.77116665e-01 8.82671801e-01 2.98598287e-01
7.18000000e+02 4.76973450e-01 8.64272361e-01 2.88528076e-01
7.19000000e+02 4.76830234e-01 8.45872921e-01 2.78457865e-01
7.20000000e+02 4.76687019e-01 8.27473481e-01 2.68387654e-01
7.21000000e+02 4.76032123e-01 7.87131197e-01 2.56608096e-01
7.22000000e+02 4.75377227e-01 7.46788913e-01 2.44828539e-01
7.23000000e+02 4.74722331e-01 7.06446630e-01 2.33048982e-01
7.24000000e+02 4.74067435e-01 6.66104346e-01 2.21269424e-01
7.25000000e+02 4.73412539e-01 6.25762063e-01 2.09489867e-01
7.26000000e+02 4.72757643e-01 5.85419779e-01 1.97710310e-01
7.27000000e+02 4.72102746e-01 5.45077495e-01 1.85930752e-01
7.28000000e+02 4.71447850e-01 5.04735212e-01 1.74151195e-01
7.29000000e+02 4.70792954e-01 4.64392928e-01 1.62371638e-01
7.30000000e+02 4.70138058e-01 4.24050645e-01 1.50592080e-01
7.31000000e+02 4.69483162e-01 3.83708361e-01 1.38812523e-01
7.32000000e+02 4.68828266e-01 3.43366077e-01 1.27032966e-01
7.33000000e+02 4.68173370e-01 3.03023794e-01 1.15253408e-01
7.34000000e+02 4.67518474e-01 2.62681510e-01 1.03473851e-01
7.35000000e+02 4.66863578e-01 2.22339227e-01 9.16942936e-02
7.36000000e+02 4.66208682e-01 1.81996943e-01 7.99147363e-02
7.37000000e+02 4.65553786e-01 1.41654660e-01 6.81351789e-02
7.38000000e+02 4.64898889e-01 1.01312376e-01 5.63556216e-02
7.39000000e+02 4.64243993e-01 6.09700924e-02 4.45760642e-02
7.40000000e+02 4.63589097e-01 2.06278088e-02 3.27965069e-02
7.41000000e+02 4.66917346e-01 -2.13426934e-02 2.12082074e-02
7.42000000e+02 4.70245594e-01 -6.33131956e-02 9.61990791e-03
7.43000000e+02 4.73573842e-01 -1.05283698e-01 -1.96839159e-03
7.44000000e+02 4.76902090e-01 -1.47254200e-01 -1.35566911e-02
7.45000000e+02 4.80230339e-01 -1.89224702e-01 -2.51449906e-02
7.46000000e+02 4.83558587e-01 -2.31195204e-01 -3.67332901e-02
7.47000000e+02 4.86886835e-01 -2.73165707e-01 -4.83215896e-02
7.48000000e+02 4.90215083e-01 -3.15136209e-01 -5.99098891e-02
7.49000000e+02 4.93543332e-01 -3.57106711e-01 -7.14981885e-02
7.50000000e+02 4.96871580e-01 -3.99077213e-01 -8.30864880e-02
7.51000000e+02 5.00199828e-01 -4.41047715e-01 -9.46747875e-02
7.52000000e+02 5.03528077e-01 -4.83018218e-01 -1.06263087e-01
7.53000000e+02 5.06856325e-01 -5.24988720e-01 -1.17851387e-01
7.54000000e+02 5.10184573e-01 -5.66959222e-01 -1.29439686e-01
7.55000000e+02 5.13512821e-01 -6.08929724e-01 -1.41027986e-01
7.56000000e+02 5.16841070e-01 -6.50900226e-01 -1.52616285e-01
7.57000000e+02 5.20169318e-01 -6.92870729e-01 -1.64204584e-01
7.58000000e+02 5.23497566e-01 -7.34841231e-01 -1.75792884e-01
7.59000000e+02 5.26825814e-01 -7.76811733e-01 -1.87381183e-01
7.60000000e+02 5.30154063e-01 -8.18782235e-01 -1.98969483e-01
7.61000000e+02 5.33562241e-01 -8.39696858e-01 -2.09086459e-01
7.62000000e+02 5.36970420e-01 -8.60611482e-01 -2.19203435e-01
7.63000000e+02 5.40378598e-01 -8.81526105e-01 -2.29320412e-01
7.64000000e+02 5.43786777e-01 -9.02440728e-01 -2.39437388e-01
7.65000000e+02 5.47194955e-01 -9.23355352e-01 -2.49554364e-01
7.66000000e+02 5.50603134e-01 -9.44269975e-01 -2.59671340e-01
7.67000000e+02 5.54011312e-01 -9.65184598e-01 -2.69788317e-01
7.68000000e+02 5.57419491e-01 -9.86099221e-01 -2.79905293e-01
7.69000000e+02 5.60827669e-01 -1.00701384e+00 -2.90022269e-01
7.70000000e+02 5.64235848e-01 -1.02792847e+00 -3.00139245e-01
7.71000000e+02 5.67644026e-01 -1.04884309e+00 -3.10256221e-01
7.72000000e+02 5.71052205e-01 -1.06975771e+00 -3.20373198e-01
7.73000000e+02 5.74460383e-01 -1.09067234e+00 -3.30490174e-01
7.74000000e+02 5.77868562e-01 -1.11158696e+00 -3.40607150e-01
7.75000000e+02 5.81276740e-01 -1.13250158e+00 -3.50724126e-01
7.76000000e+02 5.84684919e-01 -1.15341621e+00 -3.60841102e-01
7.77000000e+02 5.88093097e-01 -1.17433083e+00 -3.70958079e-01
7.78000000e+02 5.91501276e-01 -1.19524545e+00 -3.81075055e-01
7.79000000e+02 5.94909454e-01 -1.21616008e+00 -3.91192031e-01
7.80000000e+02 5.98317632e-01 -1.23707470e+00 -4.01309007e-01
7.81000000e+02 5.92102815e-01 -1.22663562e+00 -4.02755528e-01
7.82000000e+02 5.85887997e-01 -1.21619653e+00 -4.04202048e-01
7.83000000e+02 5.79673180e-01 -1.20575745e+00 -4.05648568e-01
7.84000000e+02 5.73458362e-01 -1.19531836e+00 -4.07095089e-01
7.85000000e+02 5.67243544e-01 -1.18487928e+00 -4.08541609e-01
7.86000000e+02 5.61028727e-01 -1.17444019e+00 -4.09988130e-01
7.87000000e+02 5.54813909e-01 -1.16400111e+00 -4.11434650e-01
7.88000000e+02 5.48599092e-01 -1.15356203e+00 -4.12881170e-01
7.89000000e+02 5.42384274e-01 -1.14312294e+00 -4.14327691e-01
7.90000000e+02 5.36169456e-01 -1.13268386e+00 -4.15774211e-01
7.91000000e+02 5.29954639e-01 -1.12224477e+00 -4.17220731e-01
7.92000000e+02 5.23739821e-01 -1.11180569e+00 -4.18667252e-01
7.93000000e+02 5.17525003e-01 -1.10136660e+00 -4.20113772e-01
7.94000000e+02 5.11310186e-01 -1.09092752e+00 -4.21560293e-01
7.95000000e+02 5.05095368e-01 -1.08048844e+00 -4.23006813e-01
7.96000000e+02 4.98880551e-01 -1.07004935e+00 -4.24453333e-01
7.97000000e+02 4.92665733e-01 -1.05961027e+00 -4.25899854e-01
7.98000000e+02 4.86450915e-01 -1.04917118e+00 -4.27346374e-01
7.99000000e+02 4.80236098e-01 -1.03873210e+00 -4.28792894e-01
8.00000000e+02 4.74021280e-01 -1.02829301e+00 -4.30239415e-01
8.01000000e+02 4.57715568e-01 -9.97363393e-01 -4.19076300e-01
8.02000000e+02 4.41409856e-01 -9.66433771e-01 -4.07913186e-01
8.03000000e+02 4.25104144e-01 -9.35504149e-01 -3.96750072e-01
8.04000000e+02 4.08798432e-01 -9.04574527e-01 -3.85586957e-01
8.05000000e+02 3.92492720e-01 -8.73644905e-01 -3.74423843e-01
8.06000000e+02 3.76187008e-01 -8.42715283e-01 -3.63260728e-01
8.07000000e+02 3.59881296e-01 -8.11785661e-01 -3.52097614e-01
8.08000000e+02 3.43575584e-01 -7.80856039e-01 -3.40934500e-01
8.09000000e+02 3.27269872e-01 -7.49926417e-01 -3.29771385e-01
8.10000000e+02 3.10964160e-01 -7.18996796e-01 -3.18608271e-01
8.11000000e+02 2.94658448e-01 -6.88067174e-01 -3.07445157e-01
8.12000000e+02 2.78352736e-01 -6.57137552e-01 -2.96282042e-01
8.13000000e+02 2.62047024e-01 -6.26207930e-01 -2.85118928e-01
8.14000000e+02 2.45741312e-01 -5.95278308e-01 -2.73955814e-01
8.15000000e+02 2.29435600e-01 -5.64348686e-01 -2.62792699e-01
8.16000000e+02 2.13129888e-01 -5.33419064e-01 -2.51629585e-01
8.17000000e+02 1.96824176e-01 -5.02489442e-01 -2.40466470e-01
8.18000000e+02 1.80518464e-01 -4.71559821e-01 -2.29303356e-01
8.19000000e+02 1.64212752e-01 -4.40630199e-01 -2.18140242e-01
8.20000000e+02 1.47907040e-01 -4.09700577e-01 -2.06977127e-01
8.21000000e+02 1.37302628e-01 -3.88414920e-01 -1.96729948e-01
8.22000000e+02 1.26698216e-01 -3.67129264e-01 -1.86482769e-01
8.23000000e+02 1.16093804e-01 -3.45843608e-01 -1.76235591e-01
8.24000000e+02 1.05489391e-01 -3.24557952e-01 -1.65988412e-01
8.25000000e+02 9.48849791e-02 -3.03272295e-01 -1.55741233e-01
8.26000000e+02 8.42805668e-02 -2.81986639e-01 -1.45494054e-01
8.27000000e+02 7.36761545e-02 -2.60700983e-01 -1.35246875e-01
8.28000000e+02 6.30717422e-02 -2.39415326e-01 -1.24999696e-01
8.29000000e+02 5.24673299e-02 -2.18129670e-01 -1.14752517e-01
8.30000000e+02 4.18629177e-02 -1.96844014e-01 -1.04505338e-01
8.31000000e+02 3.12585054e-02 -1.75558358e-01 -9.42581592e-02
8.32000000e+02 2.06540931e-02 -1.54272701e-01 -8.40109803e-02
8.33000000e+02 1.00496808e-02 -1.32987045e-01 -7.37638013e-02
8.34000000e+02 -5.54731445e-04 -1.11701389e-01 -6.35166224e-02
8.35000000e+02 -1.11591437e-02 -9.04157325e-02 -5.32694435e-02
8.36000000e+02 -2.17635560e-02 -6.91300763e-02 -4.30222646e-02
8.37000000e+02 -3.23679683e-02 -4.78444200e-02 -3.27750857e-02
8.38000000e+02 -4.29723806e-02 -2.65587637e-02 -2.25279067e-02
8.39000000e+02 -5.35767928e-02 -5.27310741e-03 -1.22807278e-02
8.40000000e+02 -6.41812051e-02 1.60125489e-02 -2.03354889e-03
8.41000000e+02 -6.37684815e-02 1.58608704e-02 -2.00434124e-03
8.42000000e+02 -6.33557579e-02 1.57091919e-02 -1.97513359e-03
8.43000000e+02 -6.29430343e-02 1.55575134e-02 -1.94592594e-03
8.44000000e+02 -6.25303107e-02 1.54058349e-02 -1.91671829e-03
8.45000000e+02 -6.21175871e-02 1.52541564e-02 -1.88751064e-03
8.46000000e+02 -6.17048635e-02 1.51024779e-02 -1.85830299e-03
8.47000000e+02 -6.12921399e-02 1.49507994e-02 -1.82909534e-03
8.48000000e+02 -6.08794162e-02 1.47991209e-02 -1.79988769e-03
8.49000000e+02 -6.04666926e-02 1.46474424e-02 -1.77068004e-03
8.50000000e+02 -6.00539690e-02 1.44957640e-02 -1.74147239e-03
8.51000000e+02 -5.96412454e-02 1.43440855e-02 -1.71226474e-03
8.52000000e+02 -5.92285218e-02 1.41924070e-02 -1.68305708e-03
8.53000000e+02 -5.88157982e-02 1.40407285e-02 -1.65384943e-03
8.54000000e+02 -5.84030746e-02 1.38890500e-02 -1.62464178e-03
8.55000000e+02 -5.79903510e-02 1.37373715e-02 -1.59543413e-03
8.56000000e+02 -5.75776274e-02 1.35856930e-02 -1.56622648e-03
8.57000000e+02 -5.71649038e-02 1.34340145e-02 -1.53701883e-03
8.58000000e+02 -5.67521802e-02 1.32823360e-02 -1.50781118e-03
8.59000000e+02 -5.63394565e-02 1.31306575e-02 -1.47860353e-03
8.60000000e+02 -5.59267329e-02 1.29789790e-02 -1.44939588e-03
8.61000000e+02 -5.55891560e-02 1.28602153e-02 -1.42475158e-03
8.62000000e+02 -5.52515790e-02 1.27414516e-02 -1.40010728e-03
8.63000000e+02 -5.49140020e-02 1.26226879e-02 -1.37546298e-03
8.64000000e+02 -5.45764250e-02 1.25039242e-02 -1.35081868e-03
8.65000000e+02 -5.42388480e-02 1.23851604e-02 -1.32617438e-03
8.66000000e+02 -5.39012710e-02 1.22663967e-02 -1.30153008e-03
8.67000000e+02 -5.35636941e-02 1.21476330e-02 -1.27688579e-03
8.68000000e+02 -5.32261171e-02 1.20288693e-02 -1.25224149e-03
8.69000000e+02 -5.28885401e-02 1.19101056e-02 -1.22759719e-03
8.70000000e+02 -5.25509631e-02 1.17913418e-02 -1.20295289e-03
8.71000000e+02 -5.22133861e-02 1.16725781e-02 -1.17830859e-03
8.72000000e+02 -5.18758092e-02 1.15538144e-02 -1.15366429e-03
8.73000000e+02 -5.15382322e-02 1.14350507e-02 -1.12901999e-03
8.74000000e+02 -5.12006552e-02 1.13162870e-02 -1.10437569e-03
8.75000000e+02 -5.08630782e-02 1.11975232e-02 -1.07973139e-03
8.76000000e+02 -5.05255012e-02 1.10787595e-02 -1.05508709e-03
8.77000000e+02 -5.01879242e-02 1.09599958e-02 -1.03044279e-03
8.78000000e+02 -4.98503473e-02 1.08412321e-02 -1.00579850e-03
8.79000000e+02 -4.95127703e-02 1.07224684e-02 -9.81154196e-04
8.80000000e+02 -4.91751933e-02 1.06037046e-02 -9.56509897e-04
8.81000000e+02 -4.88975570e-02 1.05100188e-02 -9.36232517e-04
8.82000000e+02 -4.86199208e-02 1.04163329e-02 -9.15955137e-04
8.83000000e+02 -4.83422845e-02 1.03226471e-02 -8.95677757e-04
8.84000000e+02 -4.80646483e-02 1.02289612e-02 -8.75400377e-04
8.85000000e+02 -4.77870120e-02 1.01352754e-02 -8.55122996e-04
8.86000000e+02 -4.75093758e-02 1.00415895e-02 -8.34845616e-04
8.87000000e+02 -4.72317395e-02 9.94790369e-03 -8.14568236e-04
8.88000000e+02 -4.69541032e-02 9.85421784e-03 -7.94290856e-04
8.89000000e+02 -4.66764670e-02 9.76053199e-03 -7.74013476e-04
8.90000000e+02 -4.63988307e-02 9.66684614e-03 -7.53736096e-04
8.91000000e+02 -4.61211945e-02 9.57316029e-03 -7.33458716e-04
8.92000000e+02 -4.58435582e-02 9.47947444e-03 -7.13181335e-04
8.93000000e+02 -4.55659219e-02 9.38578858e-03 -6.92903955e-04
8.94000000e+02 -4.52882857e-02 9.29210273e-03 -6.72626575e-04
8.95000000e+02 -4.50106494e-02 9.19841688e-03 -6.52349195e-04
8.96000000e+02 -4.47330132e-02 9.10473103e-03 -6.32071815e-04
8.97000000e+02 -4.44553769e-02 9.01104518e-03 -6.11794435e-04
8.98000000e+02 -4.41777407e-02 8.91735933e-03 -5.91517054e-04
8.99000000e+02 -4.39001044e-02 8.82367348e-03 -5.71239674e-04
9.00000000e+02 -4.36224681e-02 8.72998763e-03 -5.50962294e-04
9.01000000e+02 -4.33927695e-02 8.65559114e-03 -5.34617623e-04
9.02000000e+02 -4.31630709e-02 8.58119465e-03 -5.18272952e-04
9.03000000e+02 -4.29333723e-02 8.50679815e-03 -5.01928281e-04
9.04000000e+02 -4.27036737e-02 8.43240166e-03 -4.85583610e-04
9.05000000e+02 -4.24739751e-02 8.35800517e-03 -4.69238939e-04
9.06000000e+02 -4.22442765e-02 8.28360868e-03 -4.52894268e-04
9.07000000e+02 -4.20145779e-02 8.20921219e-03 -4.36549597e-04
9.08000000e+02 -4.17848793e-02 8.13481570e-03 -4.20204926e-04
9.09000000e+02 -4.15551807e-02 8.06041921e-03 -4.03860255e-04
9.10000000e+02 -4.13254821e-02 7.98602271e-03 -3.87515584e-04
9.11000000e+02 -4.10957835e-02 7.91162622e-03 -3.71170913e-04
9.12000000e+02 -4.08660849e-02 7.83722973e-03 -3.54826242e-04
9.13000000e+02 -4.06363863e-02 7.76283324e-03 -3.38481571e-04
9.14000000e+02 -4.04066877e-02 7.68843675e-03 -3.22136900e-04
9.15000000e+02 -4.01769891e-02 7.61404026e-03 -3.05792229e-04
9.16000000e+02 -3.99472905e-02 7.53964377e-03 -2.89447558e-04
9.17000000e+02 -3.97175919e-02 7.46524727e-03 -2.73102887e-04
9.18000000e+02 -3.94878933e-02 7.39085078e-03 -2.56758216e-04
9.19000000e+02 -3.92581947e-02 7.31645429e-03 -2.40413545e-04
9.20000000e+02 -3.90284961e-02 7.24205780e-03 -2.24068874e-04
9.21000000e+02 -3.88372320e-02 7.18262496e-03 -2.11135061e-04
9.22000000e+02 -3.86459679e-02 7.12319212e-03 -1.98201248e-04
9.23000000e+02 -3.84547038e-02 7.06375928e-03 -1.85267435e-04
9.24000000e+02 -3.82634397e-02 7.00432644e-03 -1.72333622e-04
9.25000000e+02 -3.80721755e-02 6.94489360e-03 -1.59399809e-04
9.26000000e+02 -3.78809114e-02 6.88546076e-03 -1.46465996e-04
9.27000000e+02 -3.76896473e-02 6.82602792e-03 -1.33532183e-04
9.28000000e+02 -3.74983832e-02 6.76659508e-03 -1.20598370e-04
9.29000000e+02 -3.73071191e-02 6.70716224e-03 -1.07664557e-04
9.30000000e+02 -3.71158549e-02 6.64772940e-03 -9.47307439e-05
9.31000000e+02 -3.69245908e-02 6.58829656e-03 -8.17969309e-05
9.32000000e+02 -3.67333267e-02 6.52886371e-03 -6.88631178e-05
9.33000000e+02 -3.65420626e-02 6.46943087e-03 -5.59293048e-05
9.34000000e+02 -3.63507985e-02 6.40999803e-03 -4.29954918e-05
9.35000000e+02 -3.61595343e-02 6.35056519e-03 -3.00616788e-05
9.36000000e+02 -3.59682702e-02 6.29113235e-03 -1.71278658e-05
9.37000000e+02 -3.57770061e-02 6.23169951e-03 -4.19405275e-06
9.38000000e+02 -3.55857420e-02 6.17226667e-03 8.73976027e-06
9.39000000e+02 -3.53944779e-02 6.11283383e-03 2.16735733e-05
9.40000000e+02 -3.52032137e-02 6.05340099e-03 3.46073863e-05
9.41000000e+02 -3.50428425e-02 6.00566325e-03 4.46575820e-05
9.42000000e+02 -3.48824713e-02 5.95792551e-03 5.47077777e-05
9.43000000e+02 -3.47221001e-02 5.91018778e-03 6.47579735e-05
9.44000000e+02 -3.45617289e-02 5.86245004e-03 7.48081692e-05
9.45000000e+02 -3.44013576e-02 5.81471230e-03 8.48583649e-05
9.46000000e+02 -3.42409864e-02 5.76697456e-03 9.49085606e-05
9.47000000e+02 -3.40806152e-02 5.71923683e-03 1.04958756e-04
9.48000000e+02 -3.39202440e-02 5.67149909e-03 1.15008952e-04
9.49000000e+02 -3.37598728e-02 5.62376135e-03 1.25059148e-04
9.50000000e+02 -3.35995015e-02 5.57602361e-03 1.35109343e-04
9.51000000e+02 -3.34391303e-02 5.52828587e-03 1.45159539e-04
9.52000000e+02 -3.32787591e-02 5.48054814e-03 1.55209735e-04
9.53000000e+02 -3.31183879e-02 5.43281040e-03 1.65259931e-04
9.54000000e+02 -3.29580167e-02 5.38507266e-03 1.75310126e-04
9.55000000e+02 -3.27976454e-02 5.33733492e-03 1.85360322e-04
9.56000000e+02 -3.26372742e-02 5.28959718e-03 1.95410518e-04
9.57000000e+02 -3.24769030e-02 5.24185945e-03 2.05460714e-04
9.58000000e+02 -3.23165318e-02 5.19412171e-03 2.15510909e-04
9.59000000e+02 -3.21561606e-02 5.14638397e-03 2.25561105e-04
9.60000000e+02 -3.19957893e-02 5.09864623e-03 2.35611301e-04
9.61000000e+02 -3.18603148e-02 5.06010852e-03 2.43268508e-04
9.62000000e+02 -3.17248402e-02 5.02157080e-03 2.50925715e-04
9.63000000e+02 -3.15893657e-02 4.98303309e-03 2.58582923e-04
9.64000000e+02 -3.14538911e-02 4.94449537e-03 2.66240130e-04
9.65000000e+02 -3.13184166e-02 4.90595765e-03 2.73897337e-04
9.66000000e+02 -3.11829420e-02 4.86741994e-03 2.81554545e-04
9.67000000e+02 -3.10474675e-02 4.82888222e-03 2.89211752e-04
9.68000000e+02 -3.09119929e-02 4.79034451e-03 2.96868959e-04
9.69000000e+02 -3.07765184e-02 4.75180679e-03 3.04526166e-04
9.70000000e+02 -3.06410438e-02 4.71326908e-03 3.12183374e-04
9.71000000e+02 -3.05055693e-02 4.67473136e-03 3.19840581e-04
9.72000000e+02 -3.03700947e-02 4.63619365e-03 3.27497788e-04
9.73000000e+02 -3.02346202e-02 4.59765593e-03 3.35154996e-04
9.74000000e+02 -3.00991456e-02 4.55911822e-03 3.42812203e-04
9.75000000e+02 -2.99636711e-02 4.52058050e-03 3.50469410e-04
9.76000000e+02 -2.98281965e-02 4.48204278e-03 3.58126618e-04
9.77000000e+02 -2.96927220e-02 4.44350507e-03 3.65783825e-04
9.78000000e+02 -2.95572474e-02 4.40496735e-03 3.73441032e-04
9.79000000e+02 -2.94217728e-02 4.36642964e-03 3.81098240e-04
9.80000000e+02 -2.92862983e-02 4.32789192e-03 3.88755447e-04
9.81000000e+02 -2.57338740e-02 9.66203344e-03 3.28574274e-03
9.82000000e+02 -2.21814497e-02 1.49961750e-02 6.18273003e-03
9.83000000e+02 -1.86290255e-02 2.03303165e-02 9.07971733e-03
9.84000000e+02 -1.50766012e-02 2.56644580e-02 1.19767046e-02
9.85000000e+02 -1.15241769e-02 3.09985995e-02 1.48736919e-02
9.86000000e+02 -7.97175261e-03 3.63327410e-02 1.77706792e-02
9.87000000e+02 -4.41932833e-03 4.16668825e-02 2.06676665e-02
9.88000000e+02 -8.66904050e-04 4.70010240e-02 2.35646538e-02
9.89000000e+02 2.68552023e-03 5.23351656e-02 2.64616411e-02
9.90000000e+02 6.23794451e-03 5.76693071e-02 2.93586284e-02
9.91000000e+02 9.79036879e-03 6.30034486e-02 3.22556157e-02
9.92000000e+02 1.33427931e-02 6.83375901e-02 3.51526030e-02
9.93000000e+02 1.68952174e-02 7.36717316e-02 3.80495903e-02
9.94000000e+02 2.04476416e-02 7.90058731e-02 4.09465776e-02
9.95000000e+02 2.40000659e-02 8.43400146e-02 4.38435648e-02
9.96000000e+02 2.75524902e-02 8.96741562e-02 4.67405521e-02
9.97000000e+02 3.11049145e-02 9.50082977e-02 4.96375394e-02
9.98000000e+02 3.46573388e-02 1.00342439e-01 5.25345267e-02
9.99000000e+02 3.82097630e-02 1.05676581e-01 5.54315140e-02
1.00000000e+03 4.17621873e-02 1.11010722e-01 5.83285013e-02
1.00100000e+03 5.92671456e-02 1.38211730e-01 7.20433330e-02
1.00200000e+03 7.67721038e-02 1.65412737e-01 8.57581647e-02
1.00300000e+03 9.42770621e-02 1.92613744e-01 9.94729964e-02
1.00400000e+03 1.11782020e-01 2.19814752e-01 1.13187828e-01
1.00500000e+03 1.29286979e-01 2.47015759e-01 1.26902660e-01
1.00600000e+03 1.46791937e-01 2.74216767e-01 1.40617492e-01
1.00700000e+03 1.64296895e-01 3.01417774e-01 1.54332323e-01
1.00800000e+03 1.81801853e-01 3.28618781e-01 1.68047155e-01
1.00900000e+03 1.99306812e-01 3.55819789e-01 1.81761987e-01
1.01000000e+03 2.16811770e-01 3.83020796e-01 1.95476818e-01
1.01100000e+03 2.34316728e-01 4.10221804e-01 2.09191650e-01
1.01200000e+03 2.51821686e-01 4.37422811e-01 2.22906482e-01
1.01300000e+03 2.69326645e-01 4.64623818e-01 2.36621313e-01
1.01400000e+03 2.86831603e-01 4.91824826e-01 2.50336145e-01
1.01500000e+03 3.04336561e-01 5.19025833e-01 2.64050977e-01
1.01600000e+03 3.21841519e-01 5.46226841e-01 2.77765808e-01
1.01700000e+03 3.39346478e-01 5.73427848e-01 2.91480640e-01
1.01800000e+03 3.56851436e-01 6.00628855e-01 3.05195472e-01
1.01900000e+03 3.74356394e-01 6.27829863e-01 3.18910304e-01
1.02000000e+03 3.91861352e-01 6.55030870e-01 3.32625135e-01
1.02100000e+03 4.05354641e-01 6.75315590e-01 3.38782482e-01
1.02200000e+03 4.18847929e-01 6.95600310e-01 3.44939829e-01
1.02300000e+03 4.32341218e-01 7.15885029e-01 3.51097176e-01
1.02400000e+03 4.45834507e-01 7.36169749e-01 3.57254523e-01
1.02500000e+03 4.59327795e-01 7.56454469e-01 3.63411870e-01
1.02600000e+03 4.72821084e-01 7.76739189e-01 3.69569217e-01
1.02700000e+03 4.86314372e-01 7.97023908e-01 3.75726564e-01
1.02800000e+03 4.99807661e-01 8.17308628e-01 3.81883910e-01
1.02900000e+03 5.13300949e-01 8.37593348e-01 3.88041257e-01
1.03000000e+03 5.26794238e-01 8.57878067e-01 3.94198604e-01
1.03100000e+03 5.40287526e-01 8.78162787e-01 4.00355951e-01
1.03200000e+03 5.53780815e-01 8.98447507e-01 4.06513298e-01
1.03300000e+03 5.67274103e-01 9.18732227e-01 4.12670645e-01
1.03400000e+03 5.80767392e-01 9.39016946e-01 4.18827992e-01
1.03500000e+03 5.94260681e-01 9.59301666e-01 4.24985339e-01
1.03600000e+03 6.07753969e-01 9.79586386e-01 4.31142686e-01
1.03700000e+03 6.21247258e-01 9.99871105e-01 4.37300033e-01
1.03800000e+03 6.34740546e-01 1.02015583e+00 4.43457379e-01
1.03900000e+03 6.48233835e-01 1.04044054e+00 4.49614726e-01
1.04000000e+03 6.61727123e-01 1.06072526e+00 4.55772073e-01
1.04100000e+03 6.62762635e-01 1.05456313e+00 4.48375379e-01
1.04200000e+03 6.63798147e-01 1.04840099e+00 4.40978684e-01
1.04300000e+03 6.64833659e-01 1.04223885e+00 4.33581990e-01
1.04400000e+03 6.65869171e-01 1.03607671e+00 4.26185296e-01
1.04500000e+03 6.66904683e-01 1.02991457e+00 4.18788601e-01
1.04600000e+03 6.67940195e-01 1.02375243e+00 4.11391907e-01
1.04700000e+03 6.68975707e-01 1.01759029e+00 4.03995212e-01
1.04800000e+03 6.70011219e-01 1.01142816e+00 3.96598518e-01
1.04900000e+03 6.71046731e-01 1.00526602e+00 3.89201823e-01
1.05000000e+03 6.72082243e-01 9.99103878e-01 3.81805129e-01
1.05100000e+03 6.73117755e-01 9.92941740e-01 3.74408435e-01
1.05200000e+03 6.74153267e-01 9.86779601e-01 3.67011740e-01
1.05300000e+03 6.75188779e-01 9.80617463e-01 3.59615046e-01
1.05400000e+03 6.76224291e-01 9.74455324e-01 3.52218351e-01
1.05500000e+03 6.77259803e-01 9.68293185e-01 3.44821657e-01
1.05600000e+03 6.78295315e-01 9.62131047e-01 3.37424963e-01
1.05700000e+03 6.79330827e-01 9.55968908e-01 3.30028268e-01
1.05800000e+03 6.80366339e-01 9.49806769e-01 3.22631574e-01
1.05900000e+03 6.81401851e-01 9.43644631e-01 3.15234879e-01
1.06000000e+03 6.82437363e-01 9.37482492e-01 3.07838185e-01
1.06100000e+03 6.74495710e-01 9.03769709e-01 2.94946728e-01
1.06200000e+03 6.66554058e-01 8.70056925e-01 2.82055271e-01
1.06300000e+03 6.58612405e-01 8.36344141e-01 2.69163815e-01
1.06400000e+03 6.50670753e-01 8.02631358e-01 2.56272358e-01
1.06500000e+03 6.42729100e-01 7.68918574e-01 2.43380901e-01
1.06600000e+03 6.34787448e-01 7.35205791e-01 2.30489444e-01
1.06700000e+03 6.26845795e-01 7.01493007e-01 2.17597987e-01
1.06800000e+03 6.18904143e-01 6.67780224e-01 2.04706531e-01
1.06900000e+03 6.10962491e-01 6.34067440e-01 1.91815074e-01
1.07000000e+03 6.03020838e-01 6.00354656e-01 1.78923617e-01
1.07100000e+03 5.95079186e-01 5.66641873e-01 1.66032160e-01
1.07200000e+03 5.87137533e-01 5.32929089e-01 1.53140704e-01
1.07300000e+03 5.79195881e-01 4.99216306e-01 1.40249247e-01
1.07400000e+03 5.71254228e-01 4.65503522e-01 1.27357790e-01
1.07500000e+03 5.63312576e-01 4.31790738e-01 1.14466333e-01
1.07600000e+03 5.55370923e-01 3.98077955e-01 1.01574876e-01
1.07700000e+03 5.47429271e-01 3.64365171e-01 8.86834197e-02
1.07800000e+03 5.39487618e-01 3.30652388e-01 7.57919629e-02
1.07900000e+03 5.31545966e-01 2.96939604e-01 6.29005062e-02
1.08000000e+03 5.23604313e-01 2.63226821e-01 5.00090494e-02
1.08100000e+03 5.15873420e-01 2.20146602e-01 3.76303110e-02
1.08200000e+03 5.08142527e-01 1.77066383e-01 2.52515726e-02
1.08300000e+03 5.00411634e-01 1.33986165e-01 1.28728341e-02
1.08400000e+03 4.92680741e-01 9.09059461e-02 4.94095723e-04
1.08500000e+03 4.84949848e-01 4.78257275e-02 -1.18846427e-02
1.08600000e+03 4.77218955e-01 4.74550888e-03 -2.42633811e-02
1.08700000e+03 4.69488062e-01 -3.83347097e-02 -3.66421195e-02
1.08800000e+03 4.61757169e-01 -8.14149283e-02 -4.90208579e-02
1.08900000e+03 4.54026276e-01 -1.24495147e-01 -6.13995963e-02
1.09000000e+03 4.46295383e-01 -1.67575366e-01 -7.37783348e-02
1.09100000e+03 4.38564490e-01 -2.10655584e-01 -8.61570732e-02
1.09200000e+03 4.30833597e-01 -2.53735803e-01 -9.85358116e-02
1.09300000e+03 4.23102704e-01 -2.96816021e-01 -1.10914550e-01
1.09400000e+03 4.15371811e-01 -3.39896240e-01 -1.23293288e-01
1.09500000e+03 4.07640918e-01 -3.82976459e-01 -1.35672027e-01
1.09600000e+03 3.99910025e-01 -4.26056677e-01 -1.48050765e-01
1.09700000e+03 3.92179132e-01 -4.69136896e-01 -1.60429504e-01
1.09800000e+03 3.84448239e-01 -5.12217114e-01 -1.72808242e-01
1.09900000e+03 3.76717346e-01 -5.55297333e-01 -1.85186980e-01
1.10000000e+03 3.68986453e-01 -5.98377552e-01 -1.97565719e-01
1.10100000e+03 3.65337402e-01 -6.26809707e-01 -2.09075430e-01
1.10200000e+03 3.61688351e-01 -6.55241863e-01 -2.20585140e-01
1.10300000e+03 3.58039300e-01 -6.83674019e-01 -2.32094851e-01
1.10400000e+03 3.54390250e-01 -7.12106174e-01 -2.43604561e-01
1.10500000e+03 3.50741199e-01 -7.40538330e-01 -2.55114272e-01
1.10600000e+03 3.47092148e-01 -7.68970486e-01 -2.66623983e-01
1.10700000e+03 3.43443097e-01 -7.97402641e-01 -2.78133693e-01
1.10800000e+03 3.39794046e-01 -8.25834797e-01 -2.89643404e-01
1.10900000e+03 3.36144995e-01 -8.54266953e-01 -3.01153115e-01
1.11000000e+03 3.32495944e-01 -8.82699108e-01 -3.12662825e-01
1.11100000e+03 3.28846893e-01 -9.11131264e-01 -3.24172536e-01
1.11200000e+03 3.25197842e-01 -9.39563420e-01 -3.35682247e-01
1.11300000e+03 3.21548791e-01 -9.67995576e-01 -3.47191957e-01
1.11400000e+03 3.17899740e-01 -9.96427731e-01 -3.58701668e-01
1.11500000e+03 3.14250689e-01 -1.02485989e+00 -3.70211378e-01
1.11600000e+03 3.10601639e-01 -1.05329204e+00 -3.81721089e-01
1.11700000e+03 3.06952588e-01 -1.08172420e+00 -3.93230800e-01
1.11800000e+03 3.03303537e-01 -1.11015635e+00 -4.04740510e-01
1.11900000e+03 2.99654486e-01 -1.13858851e+00 -4.16250221e-01
1.12000000e+03 2.96005435e-01 -1.16702067e+00 -4.27759932e-01
1.12100000e+03 2.93070122e-01 -1.16730532e+00 -4.33580297e-01
1.12200000e+03 2.90134809e-01 -1.16758997e+00 -4.39400662e-01
1.12300000e+03 2.87199497e-01 -1.16787462e+00 -4.45221027e-01
1.12400000e+03 2.84264184e-01 -1.16815927e+00 -4.51041393e-01
1.12500000e+03 2.81328871e-01 -1.16844392e+00 -4.56861758e-01
1.12600000e+03 2.78393559e-01 -1.16872857e+00 -4.62682123e-01
1.12700000e+03 2.75458246e-01 -1.16901323e+00 -4.68502488e-01
1.12800000e+03 2.72522933e-01 -1.16929788e+00 -4.74322854e-01
1.12900000e+03 2.69587620e-01 -1.16958253e+00 -4.80143219e-01
1.13000000e+03 2.66652308e-01 -1.16986718e+00 -4.85963584e-01
1.13100000e+03 2.63716995e-01 -1.17015183e+00 -4.91783950e-01
1.13200000e+03 2.60781682e-01 -1.17043648e+00 -4.97604315e-01
1.13300000e+03 2.57846369e-01 -1.17072113e+00 -5.03424680e-01
1.13400000e+03 2.54911057e-01 -1.17100578e+00 -5.09245045e-01
1.13500000e+03 2.51975744e-01 -1.17129044e+00 -5.15065411e-01
1.13600000e+03 2.49040431e-01 -1.17157509e+00 -5.20885776e-01
1.13700000e+03 2.46105119e-01 -1.17185974e+00 -5.26706141e-01
1.13800000e+03 2.43169806e-01 -1.17214439e+00 -5.32526506e-01
1.13900000e+03 2.40234493e-01 -1.17242904e+00 -5.38346872e-01
1.14000000e+03 2.37299180e-01 -1.17271369e+00 -5.44167237e-01
1.14100000e+03 2.30930350e-01 -1.14880934e+00 -5.36722081e-01
1.14200000e+03 2.24561520e-01 -1.12490499e+00 -5.29276925e-01
1.14300000e+03 2.18192690e-01 -1.10100064e+00 -5.21831768e-01
1.14400000e+03 2.11823860e-01 -1.07709628e+00 -5.14386612e-01
1.14500000e+03 2.05455030e-01 -1.05319193e+00 -5.06941456e-01
1.14600000e+03 1.99086200e-01 -1.02928758e+00 -4.99496300e-01
1.14700000e+03 1.92717370e-01 -1.00538322e+00 -4.92051144e-01
1.14800000e+03 1.86348540e-01 -9.81478872e-01 -4.84605988e-01
1.14900000e+03 1.79979710e-01 -9.57574520e-01 -4.77160832e-01
1.15000000e+03 1.73610880e-01 -9.33670167e-01 -4.69715676e-01
1.15100000e+03 1.67242050e-01 -9.09765814e-01 -4.62270519e-01
1.15200000e+03 1.60873220e-01 -8.85861462e-01 -4.54825363e-01
1.15300000e+03 1.54504389e-01 -8.61957109e-01 -4.47380207e-01
1.15400000e+03 1.48135559e-01 -8.38052756e-01 -4.39935051e-01
1.15500000e+03 1.41766729e-01 -8.14148404e-01 -4.32489895e-01
1.15600000e+03 1.35397899e-01 -7.90244051e-01 -4.25044739e-01
1.15700000e+03 1.29029069e-01 -7.66339699e-01 -4.17599583e-01
1.15800000e+03 1.22660239e-01 -7.42435346e-01 -4.10154426e-01
1.15900000e+03 1.16291409e-01 -7.18530993e-01 -4.02709270e-01
1.16000000e+03 1.09922579e-01 -6.94626641e-01 -3.95264114e-01
1.16100000e+03 1.01789820e-01 -6.65591313e-01 -3.79563398e-01
1.16200000e+03 9.36570620e-02 -6.36555984e-01 -3.63862682e-01
1.16300000e+03 8.55243035e-02 -6.07520656e-01 -3.48161966e-01
1.16400000e+03 7.73915450e-02 -5.78485328e-01 -3.32461250e-01
1.16500000e+03 6.92587865e-02 -5.49450000e-01 -3.16760534e-01
1.16600000e+03 6.11260280e-02 -5.20414672e-01 -3.01059818e-01
1.16700000e+03 5.29932695e-02 -4.91379344e-01 -2.85359102e-01
1.16800000e+03 4.48605110e-02 -4.62344016e-01 -2.69658386e-01
1.16900000e+03 3.67277525e-02 -4.33308688e-01 -2.53957670e-01
1.17000000e+03 2.85949940e-02 -4.04273360e-01 -2.38256954e-01
1.17100000e+03 2.04622355e-02 -3.75238032e-01 -2.22556238e-01
1.17200000e+03 1.23294770e-02 -3.46202704e-01 -2.06855522e-01
1.17300000e+03 4.19671846e-03 -3.17167376e-01 -1.91154806e-01
1.17400000e+03 -3.93604004e-03 -2.88132048e-01 -1.75454090e-01
1.17500000e+03 -1.20687985e-02 -2.59096719e-01 -1.59753374e-01
1.17600000e+03 -2.02015570e-02 -2.30061391e-01 -1.44052658e-01
1.17700000e+03 -2.83343155e-02 -2.01026063e-01 -1.28351942e-01
1.17800000e+03 -3.64670740e-02 -1.71990735e-01 -1.12651226e-01
1.17900000e+03 -4.45998325e-02 -1.42955407e-01 -9.69505099e-02
1.18000000e+03 -5.27325910e-02 -1.13920079e-01 -8.12497939e-02
1.18100000e+03 -5.40679160e-02 -1.07768451e-01 -7.74599867e-02
1.18200000e+03 -5.54032409e-02 -1.01616822e-01 -7.36701795e-02
1.18300000e+03 -5.67385658e-02 -9.54651935e-02 -6.98803723e-02
1.18400000e+03 -5.80738907e-02 -8.93135650e-02 -6.60905651e-02
1.18500000e+03 -5.94092157e-02 -8.31619364e-02 -6.23007579e-02
1.18600000e+03 -6.07445406e-02 -7.70103079e-02 -5.85109507e-02
1.18700000e+03 -6.20798655e-02 -7.08586794e-02 -5.47211435e-02
1.18800000e+03 -6.34151904e-02 -6.47070509e-02 -5.09313362e-02
1.18900000e+03 -6.47505154e-02 -5.85554224e-02 -4.71415290e-02
1.19000000e+03 -6.60858403e-02 -5.24037939e-02 -4.33517218e-02
1.19100000e+03 -6.74211652e-02 -4.62521654e-02 -3.95619146e-02
1.19200000e+03 -6.87564901e-02 -4.01005368e-02 -3.57721074e-02
1.19300000e+03 -7.00918150e-02 -3.39489083e-02 -3.19823002e-02
1.19400000e+03 -7.14271400e-02 -2.77972798e-02 -2.81924930e-02
1.19500000e+03 -7.27624649e-02 -2.16456513e-02 -2.44026858e-02
1.19600000e+03 -7.40977898e-02 -1.54940228e-02 -2.06128786e-02
1.19700000e+03 -7.54331147e-02 -9.34239428e-03 -1.68230714e-02
1.19800000e+03 -7.67684397e-02 -3.19076576e-03 -1.30332641e-02
1.19900000e+03 -7.81037646e-02 2.96086275e-03 -9.24345694e-03
1.20000000e+03 -7.94390895e-02 9.11249126e-03 -5.45364973e-03
1.20100000e+03 -7.89603268e-02 8.97493217e-03 -5.44878574e-03
1.20200000e+03 -7.84815641e-02 8.83737307e-03 -5.44392176e-03
1.20300000e+03 -7.80028014e-02 8.69981398e-03 -5.43905777e-03
1.20400000e+03 -7.75240388e-02 8.56225488e-03 -5.43419379e-03
1.20500000e+03 -7.70452761e-02 8.42469579e-03 -5.42932980e-03
1.20600000e+03 -7.65665134e-02 8.28713669e-03 -5.42446581e-03
1.20700000e+03 -7.60877507e-02 8.14957759e-03 -5.41960183e-03
1.20800000e+03 -7.56089880e-02 8.01201850e-03 -5.41473784e-03
1.20900000e+03 -7.51302253e-02 7.87445940e-03 -5.40987386e-03
1.21000000e+03 -7.46514626e-02 7.73690031e-03 -5.40500987e-03
1.21100000e+03 -7.41726999e-02 7.59934121e-03 -5.40014589e-03
1.21200000e+03 -7.36939372e-02 7.46178211e-03 -5.39528190e-03
1.21300000e+03 -7.32151746e-02 7.32422302e-03 -5.39041792e-03
1.21400000e+03 -7.27364119e-02 7.18666392e-03 -5.38555393e-03
1.21500000e+03 -7.22576492e-02 7.04910483e-03 -5.38068995e-03
1.21600000e+03 -7.17788865e-02 6.91154573e-03 -5.37582596e-03
1.21700000e+03 -7.13001238e-02 6.77398664e-03 -5.37096198e-03
1.21800000e+03 -7.08213611e-02 6.63642754e-03 -5.36609799e-03
1.21900000e+03 -7.03425984e-02 6.49886844e-03 -5.36123401e-03
1.22000000e+03 -6.98638357e-02 6.36130935e-03 -5.35637002e-03
1.22100000e+03 -6.94656759e-02 6.25444045e-03 -5.34899633e-03
1.22200000e+03 -6.90675161e-02 6.14757155e-03 -5.34162264e-03
1.22300000e+03 -6.86693563e-02 6.04070265e-03 -5.33424895e-03
1.22400000e+03 -6.82711965e-02 5.93383374e-03 -5.32687526e-03
1.22500000e+03 -6.78730366e-02 5.82696484e-03 -5.31950157e-03
1.22600000e+03 -6.74748768e-02 5.72009594e-03 -5.31212788e-03
1.22700000e+03 -6.70767170e-02 5.61322704e-03 -5.30475419e-03
1.22800000e+03 -6.66785572e-02 5.50635814e-03 -5.29738050e-03
1.22900000e+03 -6.62803974e-02 5.39948924e-03 -5.29000681e-03
1.23000000e+03 -6.58822376e-02 5.29262034e-03 -5.28263312e-03
1.23100000e+03 -6.54840777e-02 5.18575144e-03 -5.27525943e-03
1.23200000e+03 -6.50859179e-02 5.07888254e-03 -5.26788574e-03
1.23300000e+03 -6.46877581e-02 4.97201364e-03 -5.26051205e-03
1.23400000e+03 -6.42895983e-02 4.86514474e-03 -5.25313836e-03
1.23500000e+03 -6.38914385e-02 4.75827583e-03 -5.24576467e-03
1.23600000e+03 -6.34932787e-02 4.65140693e-03 -5.23839098e-03
1.23700000e+03 -6.30951188e-02 4.54453803e-03 -5.23101729e-03
1.23800000e+03 -6.26969590e-02 4.43766913e-03 -5.22364360e-03
1.23900000e+03 -6.22987992e-02 4.33080023e-03 -5.21626991e-03
1.24000000e+03 -6.19006394e-02 4.22393133e-03 -5.20889622e-03
1.24100000e+03 -6.15680772e-02 4.14105837e-03 -5.20019087e-03
1.24200000e+03 -6.12355150e-02 4.05818542e-03 -5.19148552e-03
1.24300000e+03 -6.09029529e-02 3.97531246e-03 -5.18278016e-03
1.24400000e+03 -6.05703907e-02 3.89243951e-03 -5.17407481e-03
1.24500000e+03 -6.02378285e-02 3.80956655e-03 -5.16536946e-03
1.24600000e+03 -5.99052664e-02 3.72669359e-03 -5.15666411e-03
1.24700000e+03 -5.95727042e-02 3.64382064e-03 -5.14795876e-03
1.24800000e+03 -5.92401420e-02 3.56094768e-03 -5.13925340e-03
1.24900000e+03 -5.89075799e-02 3.47807473e-03 -5.13054805e-03
1.25000000e+03 -5.85750177e-02 3.39520177e-03 -5.12184270e-03
1.25100000e+03 -5.82424555e-02 3.31232882e-03 -5.11313735e-03
1.25200000e+03 -5.79098933e-02 3.22945586e-03 -5.10443199e-03
1.25300000e+03 -5.75773312e-02 3.14658290e-03 -5.09572664e-03
1.25400000e+03 -5.72447690e-02 3.06370995e-03 -5.08702129e-03
1.25500000e+03 -5.69122068e-02 2.98083699e-03 -5.07831594e-03
1.25600000e+03 -5.65796447e-02 2.89796404e-03 -5.06961059e-03
1.25700000e+03 -5.62470825e-02 2.81509108e-03 -5.06090523e-03
1.25800000e+03 -5.59145203e-02 2.73221813e-03 -5.05219988e-03
1.25900000e+03 -5.55819581e-02 2.64934517e-03 -5.04349453e-03
1.26000000e+03 -5.52493960e-02 2.56647221e-03 -5.03478918e-03
1.26100000e+03 -5.49702642e-02 2.50242902e-03 -5.02547696e-03
1.26200000e+03 -5.46911324e-02 2.43838583e-03 -5.01616475e-03
1.26300000e+03 -5.44120006e-02 2.37434264e-03 -5.00685253e-03
1.26400000e+03 -5.41328688e-02 2.31029945e-03 -4.99754032e-03
1.26500000e+03 -5.38537370e-02 2.24625625e-03 -4.98822810e-03
1.26600000e+03 -5.35746052e-02 2.18221306e-03 -4.97891589e-03
1.26700000e+03 -5.32954735e-02 2.11816987e-03 -4.96960367e-03
1.26800000e+03 -5.30163417e-02 2.05412668e-03 -4.96029146e-03
1.26900000e+03 -5.27372099e-02 1.99008349e-03 -4.95097924e-03
1.27000000e+03 -5.24580781e-02 1.92604029e-03 -4.94166702e-03
1.27100000e+03 -5.21789463e-02 1.86199710e-03 -4.93235481e-03
1.27200000e+03 -5.18998145e-02 1.79795391e-03 -4.92304259e-03
1.27300000e+03 -5.16206827e-02 1.73391072e-03 -4.91373038e-03
1.27400000e+03 -5.13415509e-02 1.66986753e-03 -4.90441816e-03
1.27500000e+03 -5.10624191e-02 1.60582433e-03 -4.89510595e-03
1.27600000e+03 -5.07832874e-02 1.54178114e-03 -4.88579373e-03
1.27700000e+03 -5.05041556e-02 1.47773795e-03 -4.87648152e-03
1.27800000e+03 -5.02250238e-02 1.41369476e-03 -4.86716930e-03
1.27900000e+03 -4.99458920e-02 1.34965157e-03 -4.85785709e-03
1.28000000e+03 -4.96667602e-02 1.28560837e-03 -4.84854487e-03
1.28100000e+03 -4.94311980e-02 1.23637889e-03 -4.83906380e-03
1.28200000e+03 -4.91956358e-02 1.18714940e-03 -4.82958272e-03
1.28300000e+03 -4.89600736e-02 1.13791991e-03 -4.82010164e-03
1.28400000e+03 -4.87245114e-02 1.08869042e-03 -4.81062056e-03
1.28500000e+03 -4.84889491e-02 1.03946093e-03 -4.80113949e-03
1.28600000e+03 -4.82533869e-02 9.90231441e-04 -4.79165841e-03
1.28700000e+03 -4.80178247e-02 9.41001952e-04 -4.78217733e-03
1.28800000e+03 -4.77822625e-02 8.91772463e-04 -4.77269626e-03
1.28900000e+03 -4.75467003e-02 8.42542974e-04 -4.76321518e-03
1.29000000e+03 -4.73111381e-02 7.93313485e-04 -4.75373410e-03
1.29100000e+03 -4.70755759e-02 7.44083996e-04 -4.74425302e-03
1.29200000e+03 -4.68400137e-02 6.94854507e-04 -4.73477195e-03
1.29300000e+03 -4.66044515e-02 6.45625018e-04 -4.72529087e-03
1.29400000e+03 -4.63688893e-02 5.96395529e-04 -4.71580979e-03
1.29500000e+03 -4.61333270e-02 5.47166040e-04 -4.70632871e-03
1.29600000e+03 -4.58977648e-02 4.97936551e-04 -4.69684764e-03
1.29700000e+03 -4.56622026e-02 4.48707062e-04 -4.68736656e-03
1.29800000e+03 -4.54266404e-02 3.99477573e-04 -4.67788548e-03
1.29900000e+03 -4.51910782e-02 3.50248084e-04 -4.66840441e-03
1.30000000e+03 -4.49555160e-02 3.01018595e-04 -4.65892333e-03
1.30100000e+03 -4.47555349e-02 2.63462092e-04 -4.64953109e-03
1.30200000e+03 -4.45555538e-02 2.25905588e-04 -4.64013886e-03
1.30300000e+03 -4.43555727e-02 1.88349085e-04 -4.63074662e-03
1.30400000e+03 -4.41555916e-02 1.50792581e-04 -4.62135439e-03
1.30500000e+03 -4.39556105e-02 1.13236077e-04 -4.61196216e-03
1.30600000e+03 -4.37556294e-02 7.56795738e-05 -4.60256992e-03
1.30700000e+03 -4.35556483e-02 3.81230702e-05 -4.59317769e-03
1.30800000e+03 -4.33556672e-02 5.66566608e-07 -4.58378545e-03
1.30900000e+03 -4.31556861e-02 -3.69899370e-05 -4.57439322e-03
1.31000000e+03 -4.29557050e-02 -7.45464406e-05 -4.56500098e-03
1.31100000e+03 -4.27557239e-02 -1.12102944e-04 -4.55560875e-03
1.31200000e+03 -4.25557428e-02 -1.49659448e-04 -4.54621651e-03
1.31300000e+03 -4.23557617e-02 -1.87215951e-04 -4.53682428e-03
1.31400000e+03 -4.21557807e-02 -2.24772455e-04 -4.52743205e-03
1.31500000e+03 -4.19557996e-02 -2.62328958e-04 -4.51803981e-03
1.31600000e+03 -4.17558185e-02 -2.99885462e-04 -4.50864758e-03
1.31700000e+03 -4.15558374e-02 -3.37441966e-04 -4.49925534e-03
1.31800000e+03 -4.13558563e-02 -3.74998469e-04 -4.48986311e-03
1.31900000e+03 -4.11558752e-02 -4.12554973e-04 -4.48047087e-03
1.32000000e+03 -4.09558941e-02 -4.50111476e-04 -4.47107864e-03
1.32100000e+03 -4.07850239e-02 -4.78463003e-04 -4.46192060e-03
1.32200000e+03 -4.06141536e-02 -5.06814531e-04 -4.45276257e-03
1.32300000e+03 -4.04432834e-02 -5.35166058e-04 -4.44360454e-03
1.32400000e+03 -4.02724132e-02 -5.63517585e-04 -4.43444650e-03
1.32500000e+03 -4.01015429e-02 -5.91869112e-04 -4.42528847e-03
1.32600000e+03 -3.99306727e-02 -6.20220639e-04 -4.41613043e-03
1.32700000e+03 -3.97598025e-02 -6.48572166e-04 -4.40697240e-03
1.32800000e+03 -3.95889323e-02 -6.76923693e-04 -4.39781437e-03
1.32900000e+03 -3.94180620e-02 -7.05275220e-04 -4.38865633e-03
1.33000000e+03 -3.92471918e-02 -7.33626748e-04 -4.37949830e-03
1.33100000e+03 -3.90763216e-02 -7.61978275e-04 -4.37034026e-03
1.33200000e+03 -3.89054514e-02 -7.90329802e-04 -4.36118223e-03
1.33300000e+03 -3.87345811e-02 -8.18681329e-04 -4.35202419e-03
1.33400000e+03 -3.85637109e-02 -8.47032856e-04 -4.34286616e-03
1.33500000e+03 -3.83928407e-02 -8.75384383e-04 -4.33370813e-03
1.33600000e+03 -3.82219704e-02 -9.03735910e-04 -4.32455009e-03
1.33700000e+03 -3.80511002e-02 -9.32087437e-04 -4.31539206e-03
1.33800000e+03 -3.78802300e-02 -9.60438965e-04 -4.30623402e-03
1.33900000e+03 -3.77093598e-02 -9.88790492e-04 -4.29707599e-03
1.34000000e+03 -3.75384895e-02 -1.01714202e-03 -4.28791796e-03
1.34100000e+03 -1.20739388e-02 -1.82478017e-02 1.10981444e-02
1.34200000e+03 1.33906120e-02 -3.54784614e-02 2.64842068e-02
1.34300000e+03 3.88551627e-02 -5.27091211e-02 4.18702692e-02
1.34400000e+03 6.43197135e-02 -6.99397807e-02 5.72563316e-02
1.34500000e+03 8.97842642e-02 -8.71704404e-02 7.26423940e-02
1.34600000e+03 1.15248815e-01 -1.04401100e-01 8.80284564e-02
1.34700000e+03 1.40713366e-01 -1.21631760e-01 1.03414519e-01
1.34800000e+03 1.66177916e-01 -1.38862419e-01 1.18800581e-01
1.34900000e+03 1.91642467e-01 -1.56093079e-01 1.34186644e-01
1.35000000e+03 2.17107018e-01 -1.73323739e-01 1.49572706e-01
1.35100000e+03 2.42571569e-01 -1.90554399e-01 1.64958768e-01
1.35200000e+03 2.68036119e-01 -2.07785058e-01 1.80344831e-01
1.35300000e+03 2.93500670e-01 -2.25015718e-01 1.95730893e-01
1.35400000e+03 3.18965221e-01 -2.42246378e-01 2.11116956e-01
1.35500000e+03 3.44429772e-01 -2.59477037e-01 2.26503018e-01
1.35600000e+03 3.69894322e-01 -2.76707697e-01 2.41889080e-01
1.35700000e+03 3.95358873e-01 -2.93938357e-01 2.57275143e-01
1.35800000e+03 4.20823424e-01 -3.11169016e-01 2.72661205e-01
1.35900000e+03 4.46287975e-01 -3.28399676e-01 2.88047267e-01
1.36000000e+03 4.71752526e-01 -3.45630336e-01 3.03433330e-01
1.36100000e+03 5.15565690e-01 -3.73485084e-01 3.24774934e-01
1.36200000e+03 5.59378854e-01 -4.01339833e-01 3.46116538e-01
1.36300000e+03 6.03192018e-01 -4.29194582e-01 3.67458142e-01
1.36400000e+03 6.47005183e-01 -4.57049330e-01 3.88799745e-01
1.36500000e+03 6.90818347e-01 -4.84904079e-01 4.10141349e-01
1.36600000e+03 7.34631511e-01 -5.12758828e-01 4.31482953e-01
1.36700000e+03 7.78444676e-01 -5.40613576e-01 4.52824557e-01
1.36800000e+03 8.22257840e-01 -5.68468325e-01 4.74166161e-01
1.36900000e+03 8.66071004e-01 -5.96323074e-01 4.95507765e-01
1.37000000e+03 9.09884169e-01 -6.24177822e-01 5.16849369e-01
1.37100000e+03 9.53697333e-01 -6.52032571e-01 5.38190973e-01
1.37200000e+03 9.97510497e-01 -6.79887320e-01 5.59532577e-01
1.37300000e+03 1.04132366e+00 -7.07742068e-01 5.80874180e-01
1.37400000e+03 1.08513683e+00 -7.35596817e-01 6.02215784e-01
1.37500000e+03 1.12894999e+00 -7.63451566e-01 6.23557388e-01
1.37600000e+03 1.17276315e+00 -7.91306315e-01 6.44898992e-01
1.37700000e+03 1.21657632e+00 -8.19161063e-01 6.66240596e-01
1.37800000e+03 1.26038948e+00 -8.47015812e-01 6.87582200e-01
1.37900000e+03 1.30420265e+00 -8.74870561e-01 7.08923804e-01
1.38000000e+03 1.34801581e+00 -9.02725309e-01 7.30265408e-01
1.38100000e+03 1.37703671e+00 -9.17852561e-01 7.34411389e-01
1.38200000e+03 1.40605761e+00 -9.32979812e-01 7.38557370e-01
1.38300000e+03 1.43507850e+00 -9.48107064e-01 7.42703351e-01
1.38400000e+03 1.46409940e+00 -9.63234316e-01 7.46849332e-01
1.38500000e+03 1.49312030e+00 -9.78361567e-01 7.50995313e-01
1.38600000e+03 1.52214119e+00 -9.93488819e-01 7.55141294e-01
1.38700000e+03 1.55116209e+00 -1.00861607e+00 7.59287275e-01
1.38800000e+03 1.58018299e+00 -1.02374332e+00 7.63433256e-01
1.38900000e+03 1.60920388e+00 -1.03887057e+00 7.67579237e-01
1.39000000e+03 1.63822478e+00 -1.05399783e+00 7.71725218e-01
1.39100000e+03 1.66724568e+00 -1.06912508e+00 7.75871200e-01
1.39200000e+03 1.69626658e+00 -1.08425233e+00 7.80017181e-01
1.39300000e+03 1.72528747e+00 -1.09937958e+00 7.84163162e-01
1.39400000e+03 1.75430837e+00 -1.11450683e+00 7.88309143e-01
1.39500000e+03 1.78332927e+00 -1.12963408e+00 7.92455124e-01
1.39600000e+03 1.81235016e+00 -1.14476133e+00 7.96601105e-01
1.39700000e+03 1.84137106e+00 -1.15988859e+00 8.00747086e-01
1.39800000e+03 1.87039196e+00 -1.17501584e+00 8.04893067e-01
1.39900000e+03 1.89941285e+00 -1.19014309e+00 8.09039048e-01
1.40000000e+03 1.92843375e+00 -1.20527034e+00 8.13185029e-01
1.40100000e+03 1.92926396e+00 -1.20011976e+00 8.00682221e-01
1.40200000e+03 1.93009417e+00 -1.19496919e+00 7.88179414e-01
1.40300000e+03 1.93092437e+00 -1.18981861e+00 7.75676606e-01
1.40400000e+03 1.93175458e+00 -1.18466803e+00 7.63173798e-01
1.40500000e+03 1.93258479e+00 -1.17951745e+00 7.50670990e-01
1.40600000e+03 1.93341500e+00 -1.17436688e+00 7.38168182e-01
1.40700000e+03 1.93424520e+00 -1.16921630e+00 7.25665374e-01
1.40800000e+03 1.93507541e+00 -1.16406572e+00 7.13162566e-01
1.40900000e+03 1.93590562e+00 -1.15891514e+00 7.00659758e-01
1.41000000e+03 1.93673583e+00 -1.15376457e+00 6.88156950e-01
1.41100000e+03 1.93756603e+00 -1.14861399e+00 6.75654143e-01
1.41200000e+03 1.93839624e+00 -1.14346341e+00 6.63151335e-01
1.41300000e+03 1.93922645e+00 -1.13831283e+00 6.50648527e-01
1.41400000e+03 1.94005666e+00 -1.13316225e+00 6.38145719e-01
1.41500000e+03 1.94088686e+00 -1.12801168e+00 6.25642911e-01
1.41600000e+03 1.94171707e+00 -1.12286110e+00 6.13140103e-01
1.41700000e+03 1.94254728e+00 -1.11771052e+00 6.00637295e-01
1.41800000e+03 1.94337749e+00 -1.11255994e+00 5.88134487e-01
1.41900000e+03 1.94420770e+00 -1.10740937e+00 5.75631680e-01
1.42000000e+03 1.94503790e+00 -1.10225879e+00 5.63128872e-01
1.42100000e+03 1.91976744e+00 -1.07963441e+00 5.45489585e-01
1.42200000e+03 1.89449698e+00 -1.05701004e+00 5.27850299e-01
1.42300000e+03 1.86922651e+00 -1.03438566e+00 5.10211013e-01
1.42400000e+03 1.84395605e+00 -1.01176128e+00 4.92571727e-01
1.42500000e+03 1.81868558e+00 -9.89136907e-01 4.74932440e-01
1.42600000e+03 1.79341512e+00 -9.66512531e-01 4.57293154e-01
1.42700000e+03 1.76814466e+00 -9.43888154e-01 4.39653868e-01
1.42800000e+03 1.74287419e+00 -9.21263778e-01 4.22014581e-01
1.42900000e+03 1.71760373e+00 -8.98639402e-01 4.04375295e-01
1.43000000e+03 1.69233326e+00 -8.76015025e-01 3.86736009e-01
1.43100000e+03 1.66706280e+00 -8.53390649e-01 3.69096722e-01
1.43200000e+03 1.64179234e+00 -8.30766272e-01 3.51457436e-01
1.43300000e+03 1.61652187e+00 -8.08141896e-01 3.33818150e-01
1.43400000e+03 1.59125141e+00 -7.85517520e-01 3.16178864e-01
1.43500000e+03 1.56598095e+00 -7.62893143e-01 2.98539577e-01
1.43600000e+03 1.54071048e+00 -7.40268767e-01 2.80900291e-01
1.43700000e+03 1.51544002e+00 -7.17644390e-01 2.63261005e-01
1.43800000e+03 1.49016955e+00 -6.95020014e-01 2.45621718e-01
1.43900000e+03 1.46489909e+00 -6.72395637e-01 2.27982432e-01
1.44000000e+03 1.43962863e+00 -6.49771261e-01 2.10343146e-01
1.44100000e+03 1.40138229e+00 -6.17700876e-01 1.95092110e-01
1.44200000e+03 1.36313594e+00 -5.85630492e-01 1.79841073e-01
1.44300000e+03 1.32488960e+00 -5.53560107e-01 1.64590037e-01
1.44400000e+03 1.28664326e+00 -5.21489722e-01 1.49339001e-01
1.44500000e+03 1.24839692e+00 -4.89419338e-01 1.34087964e-01
1.44600000e+03 1.21015057e+00 -4.57348953e-01 1.18836928e-01
1.44700000e+03 1.17190423e+00 -4.25278569e-01 1.03585892e-01
1.44800000e+03 1.13365789e+00 -3.93208184e-01 8.83348552e-02
1.44900000e+03 1.09541155e+00 -3.61137799e-01 7.30838189e-02
1.45000000e+03 1.05716521e+00 -3.29067415e-01 5.78327825e-02
1.45100000e+03 1.01891886e+00 -2.96997030e-01 4.25817462e-02
1.45200000e+03 9.80672522e-01 -2.64926645e-01 2.73307099e-02
1.45300000e+03 9.42426179e-01 -2.32856261e-01 1.20796735e-02
1.45400000e+03 9.04179837e-01 -2.00785876e-01 -3.17136279e-03
1.45500000e+03 8.65933495e-01 -1.68715491e-01 -1.84223991e-02
1.45600000e+03 8.27687153e-01 -1.36645107e-01 -3.36734355e-02
1.45700000e+03 7.89440811e-01 -1.04574722e-01 -4.89244718e-02
1.45800000e+03 7.51194469e-01 -7.25043374e-02 -6.41755081e-02
1.45900000e+03 7.12948127e-01 -4.04339527e-02 -7.94265445e-02
1.46000000e+03 6.74701784e-01 -8.36356807e-03 -9.46775808e-02
1.46100000e+03 6.41634822e-01 1.98138636e-02 -1.05892088e-01
1.46200000e+03 6.08567860e-01 4.79912953e-02 -1.17106595e-01
1.46300000e+03 5.75500897e-01 7.61687270e-02 -1.28321102e-01
1.46400000e+03 5.42433935e-01 1.04346159e-01 -1.39535609e-01
1.46500000e+03 5.09366972e-01 1.32523590e-01 -1.50750116e-01
1.46600000e+03 4.76300010e-01 1.60701022e-01 -1.61964624e-01
1.46700000e+03 4.43233048e-01 1.88878454e-01 -1.73179131e-01
1.46800000e+03 4.10166085e-01 2.17055886e-01 -1.84393638e-01
1.46900000e+03 3.77099123e-01 2.45233317e-01 -1.95608145e-01
1.47000000e+03 3.44032160e-01 2.73410749e-01 -2.06822652e-01
1.47100000e+03 3.10965198e-01 3.01588181e-01 -2.18037159e-01
1.47200000e+03 2.77898236e-01 3.29765612e-01 -2.29251666e-01
1.47300000e+03 2.44831273e-01 3.57943044e-01 -2.40466174e-01
1.47400000e+03 2.11764311e-01 3.86120476e-01 -2.51680681e-01
1.47500000e+03 1.78697348e-01 4.14297907e-01 -2.62895188e-01
1.47600000e+03 1.45630386e-01 4.42475339e-01 -2.74109695e-01
1.47700000e+03 1.12563424e-01 4.70652771e-01 -2.85324202e-01
1.47800000e+03 7.94964613e-02 4.98830203e-01 -2.96538709e-01
1.47900000e+03 4.64294989e-02 5.27007634e-01 -3.07753216e-01
1.48000000e+03 1.33625365e-02 5.55185066e-01 -3.18967723e-01
1.48100000e+03 -1.44851705e-03 5.62501886e-01 -3.22178488e-01
1.48200000e+03 -1.62595706e-02 5.69818707e-01 -3.25389253e-01
1.48300000e+03 -3.10706241e-02 5.77135527e-01 -3.28600017e-01
1.48400000e+03 -4.58816777e-02 5.84452347e-01 -3.31810782e-01
1.48500000e+03 -6.06927312e-02 5.91769168e-01 -3.35021547e-01
1.48600000e+03 -7.55037848e-02 5.99085988e-01 -3.38232311e-01
1.48700000e+03 -9.03148383e-02 6.06402809e-01 -3.41443076e-01
1.48800000e+03 -1.05125892e-01 6.13719629e-01 -3.44653841e-01
1.48900000e+03 -1.19936945e-01 6.21036449e-01 -3.47864606e-01
1.49000000e+03 -1.34747999e-01 6.28353270e-01 -3.51075370e-01
1.49100000e+03 -1.49559052e-01 6.35670090e-01 -3.54286135e-01
1.49200000e+03 -1.64370106e-01 6.42986910e-01 -3.57496900e-01
1.49300000e+03 -1.79181160e-01 6.50303731e-01 -3.60707664e-01
1.49400000e+03 -1.93992213e-01 6.57620551e-01 -3.63918429e-01
1.49500000e+03 -2.08803267e-01 6.64937371e-01 -3.67129194e-01
1.49600000e+03 -2.23614320e-01 6.72254192e-01 -3.70339958e-01
1.49700000e+03 -2.38425374e-01 6.79571012e-01 -3.73550723e-01
1.49800000e+03 -2.53236427e-01 6.86887833e-01 -3.76761488e-01
1.49900000e+03 -2.68047481e-01 6.94204653e-01 -3.79972252e-01
