0.00000000e+00 3.94789061e-17 3.86828917e-04 2.62726869e-01
1.00000000e+00 3.94789061e-17 3.86828917e-04 2.62726869e-01
2.00000000e+00 3.94789061e-17 3.86828917e-04 2.62726869e-01
3.00000000e+00 3.94789061e-17 3.86828917e-04 2.62726869e-01
4.00000000e+00 3.94789061e-17 3.86828917e-04 2.62726869e-01
5.00000000e+00 3.94789061e-17 3.86828917e-04 2.62726869e-01
6.00000000e+00 3.94789061e-17 3.86828917e-04 2.62726869e-01
7.00000000e+00 3.94789061e-17 3.86828917e-04 2.62726869e-01
8.00000000e+00 3.94789061e-17 3.86828917e-04 2.62726869e-01
9.00000000e+00 3.94789061e-17 3.86828917e-04 2.62726869e-01
1.00000000e+01 3.94789061e-17 3.86828917e-04 2.62726869e-01
1.10000000e+01 3.94789061e-17 3.86828917e-04 2.62726869e-01
1.20000000e+01 3.94789061e-17 3.86828917e-04 2.62726869e-01
1.30000000e+01 3.94789061e-17 3.86828917e-04 2.62726869e-01
1.40000000e+01 3.94789061e-17 3.86828917e-04 2.62726869e-01
1.50000000e+01 3.94789061e-17 3.86828917e-04 2.62726869e-01
1.60000000e+01 3.94789061e-17 3.86828917e-04 2.62726869e-01
1.70000000e+01 3.94789061e-17 3.86828917e-04 2.62726869e-01
1.80000000e+01 3.94789061e-17 3.86828917e-04 2.62726869e-01
1.90000000e+01 3.94789061e-17 3.86828917e-04 2.62726869e-01
2.00000000e+01 3.94789061e-17 3.86828917e-04 2.62726869e-01
2.10000000e+01 3.91344149e-17 3.86828917e-04 2.62726869e-01
2.20000000e+01 3.87899236e-17 3.86828917e-04 2.62726869e-01
2.30000000e+01 3.84454324e-17 3.86828916e-04 2.62726869e-01
2.40000000e+01 3.81009411e-17 3.86828916e-04 2.62726869e-01
2.50000000e+01 3.77564499e-17 3.86828916e-04 2.62726869e-01
2.60000000e+01 3.74119586e-17 3.86828916e-04 2.62726869e-01
2.70000000e+01 3.70674673e-17 3.86828915e-04 2.62726869e-01
2.80000000e+01 3.67229761e-17 3.86828915e-04 2.62726869e-01
2.90000000e+01 3.63784848e-17 3.86828915e-04 2.62726869e-01
3.00000000e+01 3.60339936e-17 3.86828915e-04 2.62726869e-01
3.10000000e+01 3.56895023e-17 3.86828915e-04 2.62726869e-01
3.20000000e+01 3.53450111e-17 3.86828914e-04 2.62726869e-01
3.30000000e+01 3.50005198e-17 3.86828914e-04 2.62726869e-01
3.40000000e+01 3.46560285e-17 3.86828914e-04 2.62726869e-01
3.50000000e+01 3.43115373e-17 3.86828914e-04 2.62726869e-01
3.60000000e+01 3.39670460e-17 3.86828914e-04 2.62726869e-01
3.70000000e+01 3.36225548e-17 3.86828913e-04 2.62726869e-01
3.80000000e+01 3.32780635e-17 3.86828913e-04 2.62726869e-01
3.90000000e+01 3.29335723e-17 3.86828913e-04 2.62726869e-01
4.00000000e+01 3.25890810e-17 3.86828913e-04 2.62726869e-01
4.10000000e+01 3.18615553e-17 3.86828913e-04 2.62726869e-01
4.20000000e+01 3.11340295e-17 3.86828912e-04 2.62726869e-01
4.30000000e+01 3.04065038e-17 3.86828912e-04 2.62726869e-01
4.40000000e+01 2.96789781e-17 3.86828912e-04 2.62726869e-01
4.50000000e+01 2.89514524e-17 3.86828912e-04 2.62726869e-01
4.60000000e+01 2.82239266e-17 3.86828912e-04 2.62726869e-01
4.70000000e+01 2.74964009e-17 3.86828912e-04 2.62726869e-01
4.80000000e+01 2.67688752e-17 3.86828911e-04 2.62726869e-01
4.90000000e+01 2.60413494e-17 3.86828911e-04 2.62726869e-01
5.00000000e+01 2.53138237e-17 3.86828911e-04 2.62726869e-01
5.10000000e+01 2.45862980e-17 3.86828911e-04 2.62726869e-01
5.20000000e+01 2.38587723e-17 3.86828911e-04 2.62726869e-01
5.30000000e+01 2.31312465e-17 3.86828911e-04 2.62726869e-01
5.40000000e+01 2.24037208e-17 3.86828910e-04 2.62726869e-01
5.50000000e+01 2.16761951e-17 3.86828910e-04 2.62726869e-01
5.60000000e+01 2.09486693e-17 3.86828910e-04 2.62726869e-01
5.70000000e+01 2.02211436e-17 3.86828910e-04 2.62726869e-01
5.80000000e+01 1.94936179e-17 3.86828910e-04 2.62726869e-01
5.90000000e+01 1.87660921e-17 3.86828910e-04 2.62726869e-01
6.00000000e+01 1.80385664e-17 3.86828909e-04 2.62726869e-01
6.10000000e+01 1.80911576e-17 3.86828909e-04 2.62726869e-01
6.20000000e+01 1.81437489e-17 3.86828909e-04 2.62726869e-01
6.30000000e+01 1.81963401e-17 3.86828909e-04 2.62726869e-01
6.40000000e+01 1.82489313e-17 3.86828909e-04 2.62726869e-01
6.50000000e+01 1.83015226e-17 3.86828909e-04 2.62726869e-01
6.60000000e+01 1.83541138e-17 3.86828909e-04 2.62726869e-01
6.70000000e+01 1.84067050e-17 3.86828908e-04 2.62726869e-01
6.80000000e+01 1.84592962e-17 3.86828908e-04 2.62726869e-01
6.90000000e+01 1.85118875e-17 3.86828908e-04 2.62726869e-01
7.00000000e+01 1.85644787e-17 3.86828908e-04 2.62726869e-01
7.10000000e+01 1.86170699e-17 3.86828908e-04 2.62726869e-01
7.20000000e+01 1.86696611e-17 3.86828908e-04 2.62726869e-01
7.30000000e+01 1.87222524e-17 3.86828908e-04 2.62726869e-01
7.40000000e+01 1.87748436e-17 3.86828908e-04 2.62726869e-01
7.50000000e+01 1.88274348e-17 3.86828907e-04 2.62726869e-01
7.60000000e+01 1.88800261e-17 3.86828907e-04 2.62726869e-01
7.70000000e+01 1.89326173e-17 3.86828907e-04 2.62726869e-01
7.80000000e+01 1.89852085e-17 3.86828907e-04 2.62726869e-01
7.90000000e+01 1.90377997e-17 3.86828907e-04 2.62726869e-01
8.00000000e+01 1.90903910e-17 3.86828907e-04 2.62726869e-01
8.10000000e+01 1.88653772e-17 3.86828907e-04 2.62726869e-01
8.20000000e+01 1.86403634e-17 3.86828907e-04 2.62726869e-01
8.30000000e+01 1.84153495e-17 3.86828906e-04 2.62726869e-01
8.40000000e+01 1.81903357e-17 3.86828906e-04 2.62726869e-01
8.50000000e+01 1.79653219e-17 3.86828906e-04 2.62726868e-01
8.60000000e+01 1.77403081e-17 3.86828906e-04 2.62726868e-01
8.70000000e+01 1.75152943e-17 3.86828906e-04 2.62726868e-01
8.80000000e+01 1.72902805e-17 3.86828906e-04 2.62726868e-01
8.90000000e+01 1.70652667e-17 3.86828906e-04 2.62726868e-01
9.00000000e+01 1.68402529e-17 3.86828906e-04 2.62726868e-01
9.10000000e+01 1.66152391e-17 3.86828906e-04 2.62726868e-01
9.20000000e+01 1.63902253e-17 3.86828905e-04 2.62726868e-01
9.30000000e+01 1.61652115e-17 3.86828905e-04 2.62726868e-01
9.40000000e+01 1.59401977e-17 3.86828905e-04 2.62726868e-01
9.50000000e+01 1.57151839e-17 3.86828905e-04 2.62726868e-01
9.60000000e+01 1.54901701e-17 3.86828905e-04 2.62726868e-01
9.70000000e+01 1.52651562e-17 3.86828905e-04 2.62726868e-01
9.80000000e+01 1.50401424e-17 3.86828905e-04 2.62726868e-01
9.90000000e+01 1.48151286e-17 3.86828905e-04 2.62726868e-01
1.00000000e+02 1.45901148e-17 3.86828905e-04 2.62726868e-01
1.01000000e+02 1.47946217e-17 3.86828905e-04 2.62726868e-01
1.02000000e+02 1.49991286e-17 3.86828904e-04 2.62726868e-01
1.03000000e+02 1.52036355e-17 3.86828904e-04 2.62726868e-01
1.04000000e+02 1.54081424e-17 3.86828904e-04 2.62726868e-01
1.05000000e+02 1.56126493e-17 3.86828904e-04 2.62726868e-01
1.06000000e+02 1.58171562e-17 3.86828904e-04 2.62726868e-01
1.07000000e+02 1.60216631e-17 3.86828904e-04 2.62726868e-01
1.08000000e+02 1.62261699e-17 3.86828904e-04 2.62726868e-01
1.09000000e+02 1.64306768e-17 3.86828904e-04 2.62726868e-01
1.10000000e+02 1.66351837e-17 3.86828904e-04 2.62726868e-01
1.11000000e+02 1.68396906e-17 3.86828904e-04 2.62726868e-01
1.12000000e+02 1.70441975e-17 3.86828904e-04 2.62726868e-01
1.13000000e+02 1.72487044e-17 3.86828903e-04 2.62726868e-01
1.14000000e+02 1.74532113e-17 3.86828903e-04 2.62726868e-01
1.15000000e+02 1.76577182e-17 3.86828903e-04 2.62726868e-01
1.16000000e+02 1.78622251e-17 3.86828903e-04 2.62726868e-01
1.17000000e+02 1.80667319e-17 3.86828903e-04 2.62726868e-01
1.18000000e+02 1.82712388e-17 3.86828903e-04 2.62726868e-01
1.19000000e+02 1.84757457e-17 3.86828903e-04 2.62726868e-01
1.20000000e+02 1.86802526e-17 3.86828903e-04 2.62726868e-01
1.21000000e+02 1.84174124e-17 3.86828903e-04 2.62726868e-01
1.22000000e+02 1.81545721e-17 3.86828903e-04 2.62726868e-01
1.23000000e+02 1.78917318e-17 3.86828903e-04 2.62726868e-01
1.24000000e+02 1.76288916e-17 3.86828903e-04 2.62726868e-01
1.25000000e+02 1.73660513e-17 3.86828903e-04 2.62726868e-01
1.26000000e+02 1.71032111e-17 3.86828902e-04 2.62726868e-01
1.27000000e+02 1.68403708e-17 3.86828902e-04 2.62726868e-01
1.28000000e+02 1.65775306e-17 3.86828902e-04 2.62726868e-01
1.29000000e+02 1.63146903e-17 3.86828902e-04 2.62726868e-01
1.30000000e+02 1.60518500e-17 3.86828902e-04 2.62726868e-01
1.31000000e+02 1.57890098e-17 3.86828902e-04 2.62726868e-01
1.32000000e+02 1.55261695e-17 3.86828902e-04 2.62726868e-01
1.33000000e+02 1.52633293e-17 3.86828902e-04 2.62726868e-01
1.34000000e+02 1.50004890e-17 3.86828902e-04 2.62726868e-01
1.35000000e+02 1.47376488e-17 3.86828902e-04 2.62726868e-01
1.36000000e+02 1.44748085e-17 3.86828902e-04 2.62726868e-01
1.37000000e+02 1.42119682e-17 3.86828902e-04 2.62726868e-01
1.38000000e+02 1.39491280e-17 3.86828902e-04 2.62726868e-01
1.39000000e+02 1.36862877e-17 3.86828902e-04 2.62726868e-01
1.40000000e+02 1.34234475e-17 3.86828901e-04 2.62726868e-01
1.41000000e+02 1.27628246e-17 3.86828901e-04 2.62726868e-01
1.42000000e+02 1.21022016e-17 3.86828901e-04 2.62726868e-01
1.43000000e+02 1.14415787e-17 3.86828901e-04 2.62726868e-01
1.44000000e+02 1.07809558e-17 3.86828901e-04 2.62726868e-01
1.45000000e+02 1.01203329e-17 3.86828901e-04 2.62726868e-01
1.46000000e+02 9.45970998e-18 3.86828901e-04 2.62726868e-01
1.47000000e+02 8.79908706e-18 3.86828901e-04 2.62726868e-01
1.48000000e+02 8.13846415e-18 3.86828901e-04 2.62726868e-01
1.49000000e+02 7.47784123e-18 3.86828901e-04 2.62726868e-01
1.50000000e+02 6.81721831e-18 3.86828901e-04 2.62726868e-01
1.51000000e+02 6.15659540e-18 3.86828901e-04 2.62726868e-01
1.52000000e+02 5.49597248e-18 3.86828901e-04 2.62726868e-01
1.53000000e+02 4.83534957e-18 3.86828901e-04 2.62726868e-01
1.54000000e+02 4.17472665e-18 3.86828901e-04 2.62726868e-01
1.55000000e+02 3.51410374e-18 3.86828901e-04 2.62726868e-01
1.56000000e+02 2.85348082e-18 3.86828901e-04 2.62726868e-01
1.57000000e+02 2.19285791e-18 3.86828901e-04 2.62726868e-01
1.58000000e+02 1.53223499e-18 3.86828900e-04 2.62726868e-01
1.59000000e+02 8.71612074e-19 3.86828900e-04 2.62726868e-01
1.60000000e+02 2.10989158e-19 3.86828900e-04 2.62726868e-01
1.61000000e+02 4.32502832e-19 3.86828900e-04 2.62726868e-01
1.62000000e+02 6.54016505e-19 3.86828900e-04 2.62726868e-01
1.63000000e+02 8.75530179e-19 3.86828900e-04 2.62726868e-01
1.64000000e+02 1.09704385e-18 3.86828900e-04 2.62726868e-01
1.65000000e+02 1.31855753e-18 3.86828900e-04 2.62726868e-01
1.66000000e+02 1.54007120e-18 3.86828900e-04 2.62726868e-01
1.67000000e+02 1.76158487e-18 3.86828900e-04 2.62726868e-01
1.68000000e+02 1.98309855e-18 3.86828900e-04 2.62726868e-01
1.69000000e+02 2.20461222e-18 3.86828900e-04 2.62726868e-01
1.70000000e+02 2.42612589e-18 3.86828900e-04 2.62726868e-01
1.71000000e+02 2.64763957e-18 3.86828900e-04 2.62726868e-01
1.72000000e+02 2.86915324e-18 3.86828900e-04 2.62726868e-01
1.73000000e+02 3.09066691e-18 3.86828900e-04 2.62726868e-01
1.74000000e+02 3.31218059e-18 3.86828900e-04 2.62726868e-01
1.75000000e+02 3.53369426e-18 3.86828900e-04 2.62726868e-01
1.76000000e+02 3.75520793e-18 3.86828900e-04 2.62726868e-01
1.77000000e+02 3.97672161e-18 3.86828900e-04 2.62726868e-01
1.78000000e+02 4.19823528e-18 3.86828900e-04 2.62726868e-01
1.79000000e+02 4.41974895e-18 3.86828900e-04 2.62726868e-01
1.80000000e+02 4.64126263e-18 3.86828899e-04 2.62726868e-01
1.81000000e+02 4.13078404e-18 3.86828899e-04 2.62726868e-01
1.82000000e+02 3.62030545e-18 3.86828899e-04 2.62726868e-01
1.83000000e+02 3.10982685e-18 3.86828899e-04 2.62726868e-01
1.84000000e+02 2.59934826e-18 3.86828899e-04 2.62726868e-01
1.85000000e+02 2.08886967e-18 3.86828899e-04 2.62726868e-01
1.86000000e+02 1.57839108e-18 3.86828899e-04 2.62726868e-01
1.87000000e+02 1.06791249e-18 3.86828899e-04 2.62726868e-01
1.88000000e+02 5.57433900e-19 3.86828899e-04 2.62726868e-01
1.89000000e+02 4.69553086e-20 3.86828899e-04 2.62726868e-01
1.90000000e+02 -4.63523282e-19 3.86828899e-04 2.62726868e-01
1.91000000e+02 -9.74001873e-19 3.86828899e-04 2.62726868e-01
1.92000000e+02 -1.48448046e-18 3.86828899e-04 2.62726868e-01
1.93000000e+02 -1.99495906e-18 3.86828899e-04 2.62726868e-01
1.94000000e+02 -2.50543765e-18 3.86828899e-04 2.62726868e-01
1.95000000e+02 -3.01591624e-18 3.86828899e-04 2.62726868e-01
1.96000000e+02 -3.52639483e-18 3.86828899e-04 2.62726868e-01
1.97000000e+02 -4.03687342e-18 3.86828899e-04 2.62726868e-01
1.98000000e+02 -4.54735201e-18 3.86828899e-04 2.62726868e-01
1.99000000e+02 -5.05783060e-18 3.86828899e-04 2.62726868e-01
2.00000000e+02 -5.56830919e-18 3.86828899e-04 2.62726868e-01
2.01000000e+02 -5.47094740e-18 3.86828899e-04 2.62726868e-01
2.02000000e+02 -5.37358561e-18 3.86828899e-04 2.62726868e-01
2.03000000e+02 -5.27622383e-18 3.86828899e-04 2.62726868e-01
2.04000000e+02 -5.17886204e-18 3.86828899e-04 2.62726868e-01
2.05000000e+02 -5.08150025e-18 3.86828899e-04 2.62726868e-01
2.06000000e+02 -4.98413846e-18 3.86828899e-04 2.62726868e-01
2.07000000e+02 -4.88677667e-18 3.86828899e-04 2.62726868e-01
2.08000000e+02 -4.78941488e-18 3.86828899e-04 2.62726868e-01
2.09000000e+02 -4.69205309e-18 3.86828899e-04 2.62726868e-01
2.10000000e+02 -4.59469130e-18 3.86828898e-04 2.62726868e-01
2.11000000e+02 -4.49732951e-18 3.86828898e-04 2.62726868e-01
2.12000000e+02 -4.39996773e-18 3.86828898e-04 2.62726868e-01
2.13000000e+02 -4.30260594e-18 3.86828898e-04 2.62726868e-01
2.14000000e+02 -4.20524415e-18 3.86828898e-04 2.62726868e-01
2.15000000e+02 -4.10788236e-18 3.86828898e-04 2.62726868e-01
2.16000000e+02 -4.01052057e-18 3.86828898e-04 2.62726868e-01
2.17000000e+02 -3.91315878e-18 3.86828898e-04 2.62726868e-01
2.18000000e+02 -3.81579699e-18 3.86828898e-04 2.62726868e-01
2.19000000e+02 -3.71843520e-18 3.86828898e-04 2.62726868e-01
2.20000000e+02 -3.62107341e-18 3.86828898e-04 2.62726868e-01
2.21000000e+02 -3.80067628e-18 3.86828898e-04 2.62726868e-01
2.22000000e+02 -3.98027914e-18 3.86828898e-04 2.62726868e-01
2.23000000e+02 -4.15988200e-18 3.86828898e-04 2.62726868e-01
2.24000000e+02 -4.33948486e-18 3.86828898e-04 2.62726868e-01
2.25000000e+02 -4.51908773e-18 3.86828898e-04 2.62726868e-01
2.26000000e+02 -4.69869059e-18 3.86828898e-04 2.62726868e-01
2.27000000e+02 -4.87829345e-18 3.86828898e-04 2.62726868e-01
2.28000000e+02 -5.05789631e-18 3.86828898e-04 2.62726868e-01
2.29000000e+02 -5.23749917e-18 3.86828898e-04 2.62726868e-01
2.30000000e+02 -5.41710204e-18 3.86828898e-04 2.62726868e-01
2.31000000e+02 -5.59670490e-18 3.86828898e-04 2.62726868e-01
2.32000000e+02 -5.77630776e-18 3.86828898e-04 2.62726868e-01
2.33000000e+02 -5.95591062e-18 3.86828898e-04 2.62726868e-01
2.34000000e+02 -6.13551348e-18 3.86828898e-04 2.62726868e-01
2.35000000e+02 -6.31511635e-18 3.86828898e-04 2.62726868e-01
2.36000000e+02 -6.49471921e-18 3.86828898e-04 2.62726868e-01
2.37000000e+02 -6.67432207e-18 3.86828898e-04 2.62726868e-01
2.38000000e+02 -6.85392493e-18 3.86828898e-04 2.62726868e-01
2.39000000e+02 -7.03352779e-18 3.86828898e-04 2.62726868e-01
2.40000000e+02 -7.21313066e-18 3.86828898e-04 2.62726868e-01
2.41000000e+02 -7.18819348e-18 3.86828898e-04 2.62726868e-01
2.42000000e+02 -7.16325630e-18 3.86828898e-04 2.62726868e-01
2.43000000e+02 -7.13831912e-18 3.86828898e-04 2.62726868e-01
2.44000000e+02 -7.11338194e-18 3.86828898e-04 2.62726868e-01
2.45000000e+02 -7.08844476e-18 3.86828898e-04 2.62726868e-01
2.46000000e+02 -7.06350758e-18 3.86828898e-04 2.62726868e-01
2.47000000e+02 -7.03857040e-18 3.86828898e-04 2.62726868e-01
2.48000000e+02 -7.01363323e-18 3.86828898e-04 2.62726868e-01
2.49000000e+02 -6.98869605e-18 3.86828898e-04 2.62726868e-01
2.50000000e+02 -6.96375887e-18 3.86828898e-04 2.62726868e-01
2.51000000e+02 -6.93882169e-18 3.86828898e-04 2.62726868e-01
2.52000000e+02 -6.91388451e-18 3.86828898e-04 2.62726868e-01
2.53000000e+02 -6.88894733e-18 3.86828898e-04 2.62726868e-01
2.54000000e+02 -6.86401015e-18 3.86828897e-04 2.62726868e-01
2.55000000e+02 -6.83907297e-18 3.86828897e-04 2.62726868e-01
2.56000000e+02 -6.81413579e-18 3.86828897e-04 2.62726868e-01
2.57000000e+02 -6.78919862e-18 3.86828897e-04 2.62726868e-01
2.58000000e+02 -6.76426144e-18 3.86828897e-04 2.62726868e-01
2.59000000e+02 -6.73932426e-18 3.86828897e-04 2.62726868e-01
2.60000000e+02 -6.71438708e-18 3.86828897e-04 2.62726868e-01
2.61000000e+02 -7.01651133e-18 3.86828897e-04 2.62726868e-01
2.62000000e+02 -7.31863559e-18 3.86828897e-04 2.62726868e-01
2.63000000e+02 -7.62075984e-18 3.86828897e-04 2.62726868e-01
2.64000000e+02 -7.92288410e-18 3.86828897e-04 2.62726868e-01
2.65000000e+02 -8.22500835e-18 3.86828897e-04 2.62726868e-01
2.66000000e+02 -8.52713261e-18 3.86828897e-04 2.62726868e-01
2.67000000e+02 -8.82925687e-18 3.86828897e-04 2.62726868e-01
2.68000000e+02 -9.13138112e-18 3.86828897e-04 2.62726868e-01
2.69000000e+02 -9.43350538e-18 3.86828897e-04 2.62726868e-01
2.70000000e+02 -9.73562963e-18 3.86828897e-04 2.62726868e-01
2.71000000e+02 -1.00377539e-17 3.86828897e-04 2.62726868e-01
2.72000000e+02 -1.03398781e-17 3.86828897e-04 2.62726868e-01
2.73000000e+02 -1.06420024e-17 3.86828897e-04 2.62726868e-01
2.74000000e+02 -1.09441267e-17 3.86828897e-04 2.62726868e-01
2.75000000e+02 -1.12462509e-17 3.86828897e-04 2.62726868e-01
2.76000000e+02 -1.15483752e-17 3.86828897e-04 2.62726868e-01
2.77000000e+02 -1.18504994e-17 3.86828897e-04 2.62726868e-01
2.78000000e+02 -1.21526237e-17 3.86828897e-04 2.62726868e-01
2.79000000e+02 -1.24547479e-17 3.86828897e-04 2.62726868e-01
2.80000000e+02 -1.38479768e-17 3.86828897e-04 2.62726868e-01
2.81000000e+02 -1.96555934e-05 3.42662171e-04 2.62750556e-01
2.82000000e+02 -3.93111868e-05 2.98495446e-04 2.62774244e-01
2.83000000e+02 -5.89667802e-05 2.54328720e-04 2.62797932e-01
2.84000000e+02 -7.86223736e-05 2.10161994e-04 2.62821620e-01
2.85000000e+02 -9.82779670e-05 1.65995268e-04 2.62845308e-01
2.86000000e+02 -1.17933560e-04 1.21828543e-04 2.62868996e-01
2.87000000e+02 -1.37589154e-04 7.76618169e-05 2.62892684e-01
2.88000000e+02 -1.57244747e-04 3.34950911e-05 2.62916372e-01
2.89000000e+02 -1.76900341e-04 -1.06716346e-05 2.62940060e-01
2.90000000e+02 -1.96555934e-04 -5.48383603e-05 2.62963748e-01
2.91000000e+02 -2.16211527e-04 -9.90050861e-05 2.62987436e-01
2.92000000e+02 -2.35867121e-04 -1.43171812e-04 2.63011124e-01
2.93000000e+02 -2.55522714e-04 -1.87338538e-04 2.63034812e-01
2.94000000e+02 -2.75178308e-04 -2.31505263e-04 2.63058500e-01
2.95000000e+02 -2.94833901e-04 -2.75671989e-04 2.63082188e-01
2.96000000e+02 -3.14489495e-04 -3.19838715e-04 2.63105876e-01
2.97000000e+02 -3.34145088e-04 -3.64005441e-04 2.63129564e-01
2.98000000e+02 -3.53800681e-04 -4.08172166e-04 2.63153252e-01
2.99000000e+02 -3.73456275e-04 -4.52338892e-04 2.63176940e-01
3.00000000e+02 -3.93111868e-04 -4.96505618e-04 2.63200628e-01
3.01000000e+02 -4.92033259e-04 -7.55273136e-04 2.63332263e-01
3.02000000e+02 -5.90954649e-04 -1.01404065e-03 2.63463898e-01
3.03000000e+02 -6.89876040e-04 -1.27280817e-03 2.63595533e-01
3.04000000e+02 -7.88797430e-04 -1.53157569e-03 2.63727167e-01
3.05000000e+02 -8.87718820e-04 -1.79034321e-03 2.63858802e-01
3.06000000e+02 -9.86640211e-04 -2.04911073e-03 2.63990437e-01
3.07000000e+02 -1.08556160e-03 -2.30787825e-03 2.64122072e-01
3.08000000e+02 -1.18448299e-03 -2.56664576e-03 2.64253707e-01
3.09000000e+02 -1.28340438e-03 -2.82541328e-03 2.64385342e-01
3.10000000e+02 -1.38232577e-03 -3.08418080e-03 2.64516976e-01
3.11000000e+02 -1.48124716e-03 -3.34294832e-03 2.64648611e-01
3.12000000e+02 -1.58016855e-03 -3.60171584e-03 2.64780246e-01
3.13000000e+02 -1.67908994e-03 -3.86048336e-03 2.64911881e-01
3.14000000e+02 -1.77801133e-03 -4.11925087e-03 2.65043516e-01
3.15000000e+02 -1.87693273e-03 -4.37801839e-03 2.65175151e-01
3.16000000e+02 -1.97585412e-03 -4.63678591e-03 2.65306785e-01
3.17000000e+02 -2.07477551e-03 -4.89555343e-03 2.65438420e-01
3.18000000e+02 -2.17369690e-03 -5.15432095e-03 2.65570055e-01
3.19000000e+02 -2.27261829e-03 -5.41308847e-03 2.65701690e-01
3.20000000e+02 -2.37153968e-03 -5.67185598e-03 2.65833325e-01
3.21000000e+02 -2.47065633e-03 -6.05684926e-03 2.66004382e-01
3.22000000e+02 -2.56977298e-03 -6.44184253e-03 2.66175439e-01
3.23000000e+02 -2.66888963e-03 -6.82683580e-03 2.66346496e-01
3.24000000e+02 -2.76800628e-03 -7.21182907e-03 2.66517553e-01
3.25000000e+02 -2.86712294e-03 -7.59682234e-03 2.66688610e-01
3.26000000e+02 -2.96623959e-03 -7.98181562e-03 2.66859667e-01
3.27000000e+02 -3.06535624e-03 -8.36680889e-03 2.67030724e-01
3.28000000e+02 -3.16447289e-03 -8.75180216e-03 2.67201781e-01
3.29000000e+02 -3.26358954e-03 -9.13679543e-03 2.67372838e-01
3.30000000e+02 -3.36270620e-03 -9.52178870e-03 2.67543895e-01
3.31000000e+02 -3.46182285e-03 -9.90678198e-03 2.67714952e-01
3.32000000e+02 -3.56093950e-03 -1.02917752e-02 2.67886009e-01
3.33000000e+02 -3.66005615e-03 -1.06767685e-02 2.68057066e-01
3.34000000e+02 -3.75917280e-03 -1.10617618e-02 2.68228123e-01
3.35000000e+02 -3.85828946e-03 -1.14467551e-02 2.68399180e-01
3.36000000e+02 -3.95740611e-03 -1.18317483e-02 2.68570237e-01
3.37000000e+02 -4.05652276e-03 -1.22167416e-02 2.68741294e-01
3.38000000e+02 -4.15563941e-03 -1.26017349e-02 2.68912351e-01
3.39000000e+02 -4.25475606e-03 -1.29867282e-02 2.69083408e-01
3.40000000e+02 -4.35387271e-03 -1.33717214e-02 2.69254465e-01
3.41000000e+02 -4.30253290e-03 -1.36632920e-02 2.69356152e-01
3.42000000e+02 -4.25119308e-03 -1.39548626e-02 2.69457840e-01
3.43000000e+02 -4.19985327e-03 -1.42464332e-02 2.69559527e-01
3.44000000e+02 -4.14851345e-03 -1.45380038e-02 2.69661214e-01
3.45000000e+02 -4.09717363e-03 -1.48295744e-02 2.69762901e-01
3.46000000e+02 -4.04583382e-03 -1.51211450e-02 2.69864588e-01
3.47000000e+02 -3.99449400e-03 -1.54127156e-02 2.69966275e-01
3.48000000e+02 -3.94315419e-03 -1.57042862e-02 2.70067962e-01
3.49000000e+02 -3.89181437e-03 -1.59958568e-02 2.70169649e-01
3.50000000e+02 -3.84047455e-03 -1.62874274e-02 2.70271336e-01
3.51000000e+02 -3.78913474e-03 -1.65789980e-02 2.70373024e-01
3.52000000e+02 -3.73779492e-03 -1.68705686e-02 2.70474711e-01
3.53000000e+02 -3.68645511e-03 -1.71621392e-02 2.70576398e-01
3.54000000e+02 -3.63511529e-03 -1.74537098e-02 2.70678085e-01
3.55000000e+02 -3.58377547e-03 -1.77452804e-02 2.70779772e-01
3.56000000e+02 -3.53243566e-03 -1.80368510e-02 2.70881459e-01
3.57000000e+02 -3.48109584e-03 -1.83284216e-02 2.70983146e-01
3.58000000e+02 -3.42975603e-03 -1.86199922e-02 2.71084833e-01
3.59000000e+02 -3.37841621e-03 -1.89115628e-02 2.71186520e-01
3.60000000e+02 -3.32707640e-03 -1.92031334e-02 2.71288207e-01
3.61000000e+02 -2.99864209e-03 -1.92436911e-02 2.71271866e-01
3.62000000e+02 -2.67020779e-03 -1.92842487e-02 2.71255525e-01
3.63000000e+02 -2.34177348e-03 -1.93248063e-02 2.71239184e-01
3.64000000e+02 -2.01333918e-03 -1.93653640e-02 2.71222843e-01
3.65000000e+02 -1.68490488e-03 -1.94059216e-02 2.71206502e-01
3.66000000e+02 -1.35647057e-03 -1.94464792e-02 2.71190161e-01
3.67000000e+02 -1.02803627e-03 -1.94870369e-02 2.71173820e-01
3.68000000e+02 -6.99601967e-04 -1.95275945e-02 2.71157479e-01
3.69000000e+02 -3.71167663e-04 -1.95681521e-02 2.71141138e-01
3.70000000e+02 -4.27333600e-05 -1.96087098e-02 2.71124797e-01
3.71000000e+02 2.85700944e-04 -1.96492674e-02 2.71108456e-01
3.72000000e+02 6.14135247e-04 -1.96898250e-02 2.71092115e-01
3.73000000e+02 9.42569551e-04 -1.97303827e-02 2.71075774e-01
3.74000000e+02 1.27100385e-03 -1.97709403e-02 2.71059433e-01
3.75000000e+02 1.59943816e-03 -1.98114979e-02 2.71043092e-01
3.76000000e+02 1.92787246e-03 -1.98520556e-02 2.71026751e-01
3.77000000e+02 2.25630676e-03 -1.98926132e-02 2.71010410e-01
3.78000000e+02 2.58474107e-03 -1.99331708e-02 2.70994069e-01
3.79000000e+02 2.91317537e-03 -1.99737285e-02 2.70977728e-01
3.80000000e+02 3.24160968e-03 -2.00142861e-02 2.70961387e-01
3.81000000e+02 3.85325072e-03 -1.98047573e-02 2.70818157e-01
3.82000000e+02 4.46489176e-03 -1.95952284e-02 2.70674927e-01
3.83000000e+02 5.07653281e-03 -1.93856996e-02 2.70531698e-01
3.84000000e+02 5.68817385e-03 -1.91761707e-02 2.70388468e-01
3.85000000e+02 6.29981490e-03 -1.89666419e-02 2.70245238e-01
3.86000000e+02 6.91145594e-03 -1.87571130e-02 2.70102008e-01
3.87000000e+02 7.52309699e-03 -1.85475842e-02 2.69958778e-01
3.88000000e+02 8.13473803e-03 -1.83380554e-02 2.69815548e-01
3.89000000e+02 8.74637907e-03 -1.81285265e-02 2.69672318e-01
3.90000000e+02 9.35802012e-03 -1.79189977e-02 2.69529088e-01
3.91000000e+02 9.96966116e-03 -1.77094688e-02 2.69385859e-01
3.92000000e+02 1.05813022e-02 -1.74999400e-02 2.69242629e-01
3.93000000e+02 1.11929433e-02 -1.72904112e-02 2.69099399e-01
3.94000000e+02 1.18045843e-02 -1.70808823e-02 2.68956169e-01
3.95000000e+02 1.24162253e-02 -1.68713535e-02 2.68812939e-01
3.96000000e+02 1.30278664e-02 -1.66618246e-02 2.68669709e-01
3.97000000e+02 1.36395074e-02 -1.64522958e-02 2.68526479e-01
3.98000000e+02 1.42511485e-02 -1.62427670e-02 2.68383249e-01
3.99000000e+02 1.48627895e-02 -1.60332381e-02 2.68240020e-01
4.00000000e+02 1.54744306e-02 -1.58237093e-02 2.68096790e-01
4.01000000e+02 1.62262722e-02 -1.54758632e-02 2.67838149e-01
4.02000000e+02 1.69781137e-02 -1.51280172e-02 2.67579508e-01
4.03000000e+02 1.77299553e-02 -1.47801712e-02 2.67320867e-01
4.04000000e+02 1.84817969e-02 -1.44323251e-02 2.67062226e-01
4.05000000e+02 1.92336385e-02 -1.40844791e-02 2.66803585e-01
4.06000000e+02 1.99854801e-02 -1.37366331e-02 2.66544944e-01
4.07000000e+02 2.07373217e-02 -1.33887870e-02 2.66286303e-01
4.08000000e+02 2.14891633e-02 -1.30409410e-02 2.66027662e-01
4.09000000e+02 2.22410049e-02 -1.26930950e-02 2.65769021e-01
4.10000000e+02 2.29928465e-02 -1.23452489e-02 2.65510381e-01
4.11000000e+02 2.37446881e-02 -1.19974029e-02 2.65251740e-01
4.12000000e+02 2.44965297e-02 -1.16495569e-02 2.64993099e-01
4.13000000e+02 2.52483713e-02 -1.13017108e-02 2.64734458e-01
4.14000000e+02 2.60002128e-02 -1.09538648e-02 2.64475817e-01
4.15000000e+02 2.67520544e-02 -1.06060188e-02 2.64217176e-01
4.16000000e+02 2.75038960e-02 -1.02581727e-02 2.63958535e-01
4.17000000e+02 2.82557376e-02 -9.91032669e-03 2.63699894e-01
4.18000000e+02 2.90075792e-02 -9.56248066e-03 2.63441253e-01
4.19000000e+02 2.97594208e-02 -9.21463463e-03 2.63182612e-01
4.20000000e+02 3.05112624e-02 -8.86678859e-03 2.62923972e-01
4.21000000e+02 3.11722633e-02 -8.52514361e-03 2.62621715e-01
4.22000000e+02 3.18332641e-02 -8.18349862e-03 2.62319459e-01
4.23000000e+02 3.24942650e-02 -7.84185364e-03 2.62017203e-01
4.24000000e+02 3.31552659e-02 -7.50020865e-03 2.61714947e-01
4.25000000e+02 3.38162668e-02 -7.15856366e-03 2.61412691e-01
4.26000000e+02 3.44772677e-02 -6.81691868e-03 2.61110435e-01
4.27000000e+02 3.51382685e-02 -6.47527369e-03 2.60808179e-01
4.28000000e+02 3.57992694e-02 -6.13362871e-03 2.60505922e-01
4.29000000e+02 3.64602703e-02 -5.79198372e-03 2.60203666e-01
4.30000000e+02 3.71212712e-02 -5.45033874e-03 2.59901410e-01
4.31000000e+02 3.77822720e-02 -5.10869375e-03 2.59599154e-01
4.32000000e+02 3.84432729e-02 -4.76704877e-03 2.59296898e-01
4.33000000e+02 3.91042738e-02 -4.42540378e-03 2.58994642e-01
4.34000000e+02 3.97652747e-02 -4.08375880e-03 2.58692386e-01
4.35000000e+02 4.04262755e-02 -3.74211381e-03 2.58390129e-01
4.36000000e+02 4.10872764e-02 -3.40046883e-03 2.58087873e-01
4.37000000e+02 4.17482773e-02 -3.05882384e-03 2.57785617e-01
4.38000000e+02 4.24092782e-02 -2.71717886e-03 2.57483361e-01
4.39000000e+02 4.30702791e-02 -2.37553387e-03 2.57181105e-01
4.40000000e+02 4.37312799e-02 -2.03388888e-03 2.56878849e-01
4.41000000e+02 4.40942330e-02 -1.82577416e-03 2.56670748e-01
4.42000000e+02 4.44571860e-02 -1.61765944e-03 2.56462648e-01
4.43000000e+02 4.48201390e-02 -1.40954472e-03 2.56254548e-01
4.44000000e+02 4.51830921e-02 -1.20143000e-03 2.56046447e-01
4.45000000e+02 4.55460451e-02 -9.93315284e-04 2.55838347e-01
4.46000000e+02 4.59089982e-02 -7.85200564e-04 2.55630246e-01
4.47000000e+02 4.62719512e-02 -5.77085844e-04 2.55422146e-01
4.48000000e+02 4.66349042e-02 -3.68971124e-04 2.55214046e-01
4.49000000e+02 4.69978573e-02 -1.60856404e-04 2.55005945e-01
4.50000000e+02 4.73608103e-02 4.72583166e-05 2.54797845e-01
4.51000000e+02 4.77237634e-02 2.55373037e-04 2.54589744e-01
4.52000000e+02 4.80867164e-02 4.63487757e-04 2.54381644e-01
4.53000000e+02 4.84496694e-02 6.71602477e-04 2.54173544e-01
4.54000000e+02 4.88126225e-02 8.79717197e-04 2.53965443e-01
4.55000000e+02 4.91755755e-02 1.08783192e-03 2.53757343e-01
4.56000000e+02 4.95385286e-02 1.29594664e-03 2.53549242e-01
4.57000000e+02 4.99014816e-02 1.50406136e-03 2.53341142e-01
4.58000000e+02 5.02644347e-02 1.71217608e-03 2.53133042e-01
4.59000000e+02 5.06273877e-02 1.92029080e-03 2.52924941e-01
4.60000000e+02 5.09903407e-02 2.12840552e-03 2.52716841e-01
4.61000000e+02 5.10266384e-02 2.16389646e-03 2.52681215e-01
4.62000000e+02 5.10629361e-02 2.19938739e-03 2.52645590e-01
4.63000000e+02 5.10992338e-02 2.23487833e-03 2.52609964e-01
4.64000000e+02 5.11355315e-02 2.27036927e-03 2.52574339e-01
4.65000000e+02 5.11718292e-02 2.30586021e-03 2.52538713e-01
4.66000000e+02 5.12081269e-02 2.34135115e-03 2.52503088e-01
4.67000000e+02 5.12444246e-02 2.37684209e-03 2.52467462e-01
4.68000000e+02 5.12807223e-02 2.41233303e-03 2.52431837e-01
4.69000000e+02 5.13170200e-02 2.44782396e-03 2.52396211e-01
4.70000000e+02 5.13533177e-02 2.48331490e-03 2.52360586e-01
4.71000000e+02 5.13896154e-02 2.51880584e-03 2.52324960e-01
4.72000000e+02 5.14259131e-02 2.55429678e-03 2.52289335e-01
4.73000000e+02 5.14622108e-02 2.58978772e-03 2.52253709e-01
4.74000000e+02 5.14985085e-02 2.62527866e-03 2.52218084e-01
4.75000000e+02 5.15348062e-02 2.66076960e-03 2.52182458e-01
4.76000000e+02 5.15711039e-02 2.69626053e-03 2.52146833e-01
4.77000000e+02 5.16074016e-02 2.73175147e-03 2.52111207e-01
4.78000000e+02 5.16436993e-02 2.76724241e-03 2.52075582e-01
4.79000000e+02 5.16799969e-02 2.80273335e-03 2.52039956e-01
4.80000000e+02 5.17162946e-02 2.83822429e-03 2.52004331e-01
4.81000000e+02 5.16886165e-02 2.83573286e-03 2.52008725e-01
4.82000000e+02 5.16609383e-02 2.83324142e-03 2.52013118e-01
4.83000000e+02 5.16332602e-02 2.83074999e-03 2.52017512e-01
4.84000000e+02 5.16055820e-02 2.82825856e-03 2.52021906e-01
4.85000000e+02 5.15779038e-02 2.82576712e-03 2.52026299e-01
4.86000000e+02 5.15502257e-02 2.82327569e-03 2.52030693e-01
4.87000000e+02 5.15225475e-02 2.82078426e-03 2.52035087e-01
4.88000000e+02 5.14948694e-02 2.81829283e-03 2.52039481e-01
4.89000000e+02 5.14671912e-02 2.81580139e-03 2.52043874e-01
4.90000000e+02 5.14395130e-02 2.81330996e-03 2.52048268e-01
4.91000000e+02 5.14118349e-02 2.81081853e-03 2.52052662e-01
4.92000000e+02 5.13841567e-02 2.80832709e-03 2.52057055e-01
4.93000000e+02 5.13564786e-02 2.80583566e-03 2.52061449e-01
4.94000000e+02 5.13288004e-02 2.80334423e-03 2.52065843e-01
4.95000000e+02 5.13011223e-02 2.80085279e-03 2.52070237e-01
4.96000000e+02 5.12734441e-02 2.79836136e-03 2.52074630e-01
4.97000000e+02 5.12457659e-02 2.79586993e-03 2.52079024e-01
4.98000000e+02 5.12180878e-02 2.79337850e-03 2.52083418e-01
4.99000000e+02 5.11904096e-02 2.79088706e-03 2.52087811e-01
5.00000000e+02 5.11627315e-02 2.78839563e-03 2.52092205e-01
5.01000000e+02 5.11393982e-02 2.78685417e-03 2.52095662e-01
5.02000000e+02 5.11160649e-02 2.78531270e-03 2.52099120e-01
5.03000000e+02 5.10927316e-02 2.78377124e-03 2.52102577e-01
5.04000000e+02 5.10693983e-02 2.78222978e-03 2.52106034e-01
5.05000000e+02 5.10460650e-02 2.78068831e-03 2.52109491e-01
5.06000000e+02 5.10227317e-02 2.77914685e-03 2.52112949e-01
5.07000000e+02 5.09993985e-02 2.77760539e-03 2.52116406e-01
5.08000000e+02 5.09760652e-02 2.77606392e-03 2.52119863e-01
5.09000000e+02 5.09527319e-02 2.77452246e-03 2.52123320e-01
5.10000000e+02 5.09293986e-02 2.77298100e-03 2.52126778e-01
5.11000000e+02 5.09060653e-02 2.77143953e-03 2.52130235e-01
5.12000000e+02 5.08827320e-02 2.76989807e-03 2.52133692e-01
5.13000000e+02 5.08593987e-02 2.76835661e-03 2.52137149e-01
5.14000000e+02 5.08360654e-02 2.76681514e-03 2.52140607e-01
5.15000000e+02 5.08127322e-02 2.76527368e-03 2.52144064e-01
5.16000000e+02 5.07893989e-02 2.76373222e-03 2.52147521e-01
5.17000000e+02 5.07660656e-02 2.76219075e-03 2.52150978e-01
5.18000000e+02 5.07427323e-02 2.76064929e-03 2.52154435e-01
5.19000000e+02 5.07193990e-02 2.75910782e-03 2.52157893e-01
5.20000000e+02 5.06960657e-02 2.75756636e-03 2.52161350e-01
5.21000000e+02 5.06762489e-02 2.75676449e-03 2.52164071e-01
5.22000000e+02 5.06564320e-02 2.75596261e-03 2.52166792e-01
5.23000000e+02 5.06366152e-02 2.75516074e-03 2.52169513e-01
5.24000000e+02 5.06167983e-02 2.75435887e-03 2.52172234e-01
5.25000000e+02 5.05969815e-02 2.75355699e-03 2.52174955e-01
5.26000000e+02 5.05771646e-02 2.75275512e-03 2.52177676e-01
5.27000000e+02 5.05573478e-02 2.75195325e-03 2.52180397e-01
5.28000000e+02 5.05375309e-02 2.75115137e-03 2.52183119e-01
5.29000000e+02 5.05177141e-02 2.75034950e-03 2.52185840e-01
5.30000000e+02 5.04978972e-02 2.74954763e-03 2.52188561e-01
5.31000000e+02 5.04780804e-02 2.74874575e-03 2.52191282e-01
5.32000000e+02 5.04582635e-02 2.74794388e-03 2.52194003e-01
5.33000000e+02 5.04384466e-02 2.74714200e-03 2.52196724e-01
5.34000000e+02 5.04186298e-02 2.74634013e-03 2.52199445e-01
5.35000000e+02 5.03988129e-02 2.74553826e-03 2.52202166e-01
5.36000000e+02 5.03789961e-02 2.74473638e-03 2.52204887e-01
5.37000000e+02 5.03591792e-02 2.74393451e-03 2.52207608e-01
5.38000000e+02 5.03393624e-02 2.74313264e-03 2.52210329e-01
5.39000000e+02 5.03195455e-02 2.74233076e-03 2.52213050e-01
5.40000000e+02 5.02997287e-02 2.74152889e-03 2.52215771e-01
5.41000000e+02 5.02827670e-02 2.74130002e-03 2.52217912e-01
5.42000000e+02 5.02658053e-02 2.74107115e-03 2.52220052e-01
5.43000000e+02 5.02488436e-02 2.74084227e-03 2.52222192e-01
5.44000000e+02 5.02318819e-02 2.74061340e-03 2.52224333e-01
5.45000000e+02 5.02149202e-02 2.74038453e-03 2.52226473e-01
5.46000000e+02 5.01979585e-02 2.74015566e-03 2.52228613e-01
5.47000000e+02 5.01809968e-02 2.73992679e-03 2.52230753e-01
5.48000000e+02 5.01640351e-02 2.73969792e-03 2.52232894e-01
5.49000000e+02 5.01470734e-02 2.73946904e-03 2.52235034e-01
5.50000000e+02 5.01301117e-02 2.73924017e-03 2.52237174e-01
5.51000000e+02 5.01131500e-02 2.73901130e-03 2.52239314e-01
5.52000000e+02 5.00961883e-02 2.73878243e-03 2.52241455e-01
5.53000000e+02 5.00792266e-02 2.73855356e-03 2.52243595e-01
5.54000000e+02 5.00622649e-02 2.73832469e-03 2.52245735e-01
5.55000000e+02 5.00453032e-02 2.73809582e-03 2.52247876e-01
5.56000000e+02 5.00283415e-02 2.73786694e-03 2.52250016e-01
5.57000000e+02 5.00113798e-02 2.73763807e-03 2.52252156e-01
5.58000000e+02 4.99944181e-02 2.73740920e-03 2.52254296e-01
5.59000000e+02 4.99774564e-02 2.73718033e-03 2.52256437e-01
5.60000000e+02 4.99604947e-02 2.73695146e-03 2.52258577e-01
5.61000000e+02 4.99458593e-02 2.73716356e-03 2.52260258e-01
5.62000000e+02 4.99312240e-02 2.73737567e-03 2.52261938e-01
5.63000000e+02 4.99165886e-02 2.73758777e-03 2.52263619e-01
5.64000000e+02 4.99019533e-02 2.73779988e-03 2.52265300e-01
5.65000000e+02 4.98873180e-02 2.73801199e-03 2.52266981e-01
5.66000000e+02 4.98726826e-02 2.73822409e-03 2.52268661e-01
5.67000000e+02 4.98580473e-02 2.73843620e-03 2.52270342e-01
5.68000000e+02 4.98434120e-02 2.73864830e-03 2.52272023e-01
5.69000000e+02 4.98287766e-02 2.73886041e-03 2.52273703e-01
5.70000000e+02 4.98141413e-02 2.73907251e-03 2.52275384e-01
5.71000000e+02 4.97995059e-02 2.73928462e-03 2.52277065e-01
5.72000000e+02 4.97848706e-02 2.73949672e-03 2.52278746e-01
5.73000000e+02 4.97702353e-02 2.73970883e-03 2.52280426e-01
5.74000000e+02 4.97555999e-02 2.73992094e-03 2.52282107e-01
5.75000000e+02 4.97409646e-02 2.74013304e-03 2.52283788e-01
5.76000000e+02 4.97263293e-02 2.74034515e-03 2.52285469e-01
5.77000000e+02 4.97116939e-02 2.74055725e-03 2.52287149e-01
5.78000000e+02 4.96970586e-02 2.74076936e-03 2.52288830e-01
5.79000000e+02 4.96824232e-02 2.74098146e-03 2.52290511e-01
5.80000000e+02 4.96677879e-02 2.74119357e-03 2.52292191e-01
5.81000000e+02 4.96550554e-02 2.74174198e-03 2.52293508e-01
5.82000000e+02 4.96423229e-02 2.74229039e-03 2.52294824e-01
5.83000000e+02 4.96295904e-02 2.74283880e-03 2.52296140e-01
5.84000000e+02 4.96168579e-02 2.74338721e-03 2.52297456e-01
5.85000000e+02 4.96041253e-02 2.74393563e-03 2.52298773e-01
5.86000000e+02 4.95913928e-02 2.74448404e-03 2.52300089e-01
5.87000000e+02 4.95786603e-02 2.74503245e-03 2.52301405e-01
5.88000000e+02 4.95659278e-02 2.74558086e-03 2.52302721e-01
5.89000000e+02 4.95531953e-02 2.74612927e-03 2.52304038e-01
5.90000000e+02 4.95404628e-02 2.74667768e-03 2.52305354e-01
5.91000000e+02 4.95277303e-02 2.74722609e-03 2.52306670e-01
5.92000000e+02 4.95149978e-02 2.74777451e-03 2.52307986e-01
5.93000000e+02 4.95022653e-02 2.74832292e-03 2.52309303e-01
5.94000000e+02 4.94895327e-02 2.74887133e-03 2.52310619e-01
5.95000000e+02 4.94768002e-02 2.74941974e-03 2.52311935e-01
5.96000000e+02 4.94640677e-02 2.74996815e-03 2.52313252e-01
5.97000000e+02 4.94513352e-02 2.75051656e-03 2.52314568e-01
5.98000000e+02 4.94386027e-02 2.75106497e-03 2.52315884e-01
5.99000000e+02 4.94258702e-02 2.75161339e-03 2.52317200e-01
6.00000000e+02 4.94131377e-02 2.75216180e-03 2.52318517e-01
6.01000000e+02 4.94019682e-02 2.75296354e-03 2.52319543e-01
6.02000000e+02 4.93907987e-02 2.75376529e-03 2.52320570e-01
6.03000000e+02 4.93796293e-02 2.75456703e-03 2.52321597e-01
6.04000000e+02 4.93684598e-02 2.75536878e-03 2.52322623e-01
6.05000000e+02 4.93572904e-02 2.75617052e-03 2.52323650e-01
6.06000000e+02 4.93461209e-02 2.75697227e-03 2.52324677e-01
6.07000000e+02 4.93349514e-02 2.75777401e-03 2.52325703e-01
6.08000000e+02 4.93237820e-02 2.75857576e-03 2.52326730e-01
6.09000000e+02 4.93126125e-02 2.75937750e-03 2.52327757e-01
6.10000000e+02 4.93014431e-02 2.76017925e-03 2.52328783e-01
6.11000000e+02 4.92902736e-02 2.76098099e-03 2.52329810e-01
6.12000000e+02 4.92791041e-02 2.76178274e-03 2.52330837e-01
6.13000000e+02 4.92679347e-02 2.76258448e-03 2.52331864e-01
6.14000000e+02 4.92567652e-02 2.76338623e-03 2.52332890e-01
6.15000000e+02 4.92455958e-02 2.76418797e-03 2.52333917e-01
6.16000000e+02 4.92344263e-02 2.76498972e-03 2.52334944e-01
6.17000000e+02 4.92232568e-02 2.76579146e-03 2.52335970e-01
6.18000000e+02 4.92120874e-02 2.76659321e-03 2.52336997e-01
6.19000000e+02 4.92009179e-02 2.76739495e-03 2.52338024e-01
6.20000000e+02 4.91897485e-02 2.76819670e-03 2.52339050e-01
6.21000000e+02 4.91798690e-02 2.76918605e-03 2.52339847e-01
6.22000000e+02 4.91699896e-02 2.77017541e-03 2.52340643e-01
6.23000000e+02 4.91601102e-02 2.77116476e-03 2.52341439e-01
6.24000000e+02 4.91502308e-02 2.77215412e-03 2.52342236e-01
6.25000000e+02 4.91403514e-02 2.77314347e-03 2.52343032e-01
6.26000000e+02 4.91304719e-02 2.77413283e-03 2.52343828e-01
6.27000000e+02 4.91205925e-02 2.77512218e-03 2.52344625e-01
6.28000000e+02 4.91107131e-02 2.77611154e-03 2.52345421e-01
6.29000000e+02 4.91008337e-02 2.77710089e-03 2.52346217e-01
6.30000000e+02 4.90909542e-02 2.77809025e-03 2.52347014e-01
6.31000000e+02 4.90810748e-02 2.77907960e-03 2.52347810e-01
6.32000000e+02 4.90711954e-02 2.78006896e-03 2.52348606e-01
6.33000000e+02 4.90613160e-02 2.78105831e-03 2.52349403e-01
6.34000000e+02 4.90514366e-02 2.78204767e-03 2.52350199e-01
6.35000000e+02 4.90415571e-02 2.78303702e-03 2.52350996e-01
6.36000000e+02 4.90316777e-02 2.78402637e-03 2.52351792e-01
6.37000000e+02 4.90217983e-02 2.78501573e-03 2.52352588e-01
6.38000000e+02 4.90119189e-02 2.78600508e-03 2.52353385e-01
6.39000000e+02 4.90020394e-02 2.78699444e-03 2.52354181e-01
6.40000000e+02 4.89921600e-02 2.78798379e-03 2.52354977e-01
6.41000000e+02 4.90390199e-02 2.95058083e-03 2.52438323e-01
6.42000000e+02 4.90858799e-02 3.11317787e-03 2.52521668e-01
6.43000000e+02 4.91327398e-02 3.27577491e-03 2.52605014e-01
6.44000000e+02 4.91795997e-02 3.43837195e-03 2.52688359e-01
6.45000000e+02 4.92264596e-02 3.60096898e-03 2.52771705e-01
6.46000000e+02 4.92733196e-02 3.76356602e-03 2.52855050e-01
6.47000000e+02 4.93201795e-02 3.92616306e-03 2.52938396e-01
6.48000000e+02 4.93670394e-02 4.08876010e-03 2.53021741e-01
6.49000000e+02 4.94138993e-02 4.25135714e-03 2.53105087e-01
6.50000000e+02 4.94607593e-02 4.41395417e-03 2.53188432e-01
6.51000000e+02 4.95076192e-02 4.57655121e-03 2.53271778e-01
6.52000000e+02 4.95544791e-02 4.73914825e-03 2.53355123e-01
6.53000000e+02 4.96013391e-02 4.90174529e-03 2.53438468e-01
6.54000000e+02 4.96481990e-02 5.06434233e-03 2.53521814e-01
6.55000000e+02 4.96950589e-02 5.22693937e-03 2.53605159e-01
6.56000000e+02 4.97419188e-02 5.38953640e-03 2.53688505e-01
6.57000000e+02 4.97887788e-02 5.55213344e-03 2.53771850e-01
6.58000000e+02 4.98356387e-02 5.71473048e-03 2.53855196e-01
6.59000000e+02 4.98824986e-02 5.87732752e-03 2.53938541e-01
6.60000000e+02 4.99293585e-02 6.03992456e-03 2.54021887e-01
6.61000000e+02 5.00750815e-02 6.43827213e-03 2.54210627e-01
6.62000000e+02 5.02208044e-02 6.83661970e-03 2.54399367e-01
6.63000000e+02 5.03665274e-02 7.23496727e-03 2.54588106e-01
6.64000000e+02 5.05122503e-02 7.63331484e-03 2.54776846e-01
6.65000000e+02 5.06579732e-02 8.03166241e-03 2.54965586e-01
6.66000000e+02 5.08036962e-02 8.43000998e-03 2.55154326e-01
6.67000000e+02 5.09494191e-02 8.82835755e-03 2.55343066e-01
6.68000000e+02 5.10951421e-02 9.22670512e-03 2.55531806e-01
6.69000000e+02 5.12408650e-02 9.62505269e-03 2.55720546e-01
6.70000000e+02 5.13865880e-02 1.00234003e-02 2.55909286e-01
6.71000000e+02 5.15323109e-02 1.04217478e-02 2.56098025e-01
6.72000000e+02 5.16780339e-02 1.08200954e-02 2.56286765e-01
6.73000000e+02 5.18237568e-02 1.12184430e-02 2.56475505e-01
6.74000000e+02 5.19694797e-02 1.16167905e-02 2.56664245e-01
6.75000000e+02 5.21152027e-02 1.20151381e-02 2.56852985e-01
6.76000000e+02 5.22609256e-02 1.24134857e-02 2.57041725e-01
6.77000000e+02 5.24066486e-02 1.28118332e-02 2.57230465e-01
6.78000000e+02 5.25523715e-02 1.32101808e-02 2.57419205e-01
6.79000000e+02 5.26980945e-02 1.36085284e-02 2.57607945e-01
6.80000000e+02 5.28438174e-02 1.40068760e-02 2.57796684e-01
6.81000000e+02 5.30444028e-02 1.44733943e-02 2.57983919e-01
6.82000000e+02 5.32449882e-02 1.49399125e-02 2.58171154e-01
6.83000000e+02 5.34455736e-02 1.54064308e-02 2.58358389e-01
6.84000000e+02 5.36461591e-02 1.58729491e-02 2.58545624e-01
6.85000000e+02 5.38467445e-02 1.63394674e-02 2.58732858e-01
6.86000000e+02 5.40473299e-02 1.68059857e-02 2.58920093e-01
6.87000000e+02 5.42479153e-02 1.72725040e-02 2.59107328e-01
6.88000000e+02 5.44485007e-02 1.77390223e-02 2.59294563e-01
6.89000000e+02 5.46490861e-02 1.82055406e-02 2.59481798e-01
6.90000000e+02 5.48496715e-02 1.86720589e-02 2.59669033e-01
6.91000000e+02 5.50502570e-02 1.91385772e-02 2.59856267e-01
6.92000000e+02 5.52508424e-02 1.96050955e-02 2.60043502e-01
6.93000000e+02 5.54514278e-02 2.00716138e-02 2.60230737e-01
6.94000000e+02 5.56520132e-02 2.05381320e-02 2.60417972e-01
6.95000000e+02 5.58525986e-02 2.10046503e-02 2.60605207e-01
6.96000000e+02 5.60531840e-02 2.14711686e-02 2.60792442e-01
6.97000000e+02 5.62537694e-02 2.19376869e-02 2.60979676e-01
6.98000000e+02 5.64543549e-02 2.24042052e-02 2.61166911e-01
6.99000000e+02 5.66549403e-02 2.28707235e-02 2.61354146e-01
7.00000000e+02 5.68555257e-02 2.33372418e-02 2.61541381e-01
7.01000000e+02 5.70546051e-02 2.36293333e-02 2.61643851e-01
7.02000000e+02 5.72536846e-02 2.39214249e-02 2.61746322e-01
7.03000000e+02 5.74527640e-02 2.42135165e-02 2.61848792e-01
7.04000000e+02 5.76518434e-02 2.45056080e-02 2.61951263e-01
7.05000000e+02 5.78509229e-02 2.47976996e-02 2.62053733e-01
7.06000000e+02 5.80500023e-02 2.50897911e-02 2.62156204e-01
7.07000000e+02 5.82490817e-02 2.53818827e-02 2.62258674e-01
7.08000000e+02 5.84481612e-02 2.56739742e-02 2.62361145e-01
7.09000000e+02 5.86472406e-02 2.59660658e-02 2.62463615e-01
7.10000000e+02 5.88463201e-02 2.62581573e-02 2.62566086e-01
7.11000000e+02 5.90453995e-02 2.65502489e-02 2.62668556e-01
7.12000000e+02 5.92444789e-02 2.68423404e-02 2.62771027e-01
7.13000000e+02 5.94435584e-02 2.71344320e-02 2.62873497e-01
7.14000000e+02 5.96426378e-02 2.74265235e-02 2.62975968e-01
7.15000000e+02 5.98417172e-02 2.77186151e-02 2.63078438e-01
7.16000000e+02 6.00407967e-02 2.80107066e-02 2.63180909e-01
7.17000000e+02 6.02398761e-02 2.83027982e-02 2.63283379e-01
7.18000000e+02 6.04389556e-02 2.85948897e-02 2.63385850e-01
7.19000000e+02 6.06380350e-02 2.88869813e-02 2.63488320e-01
7.20000000e+02 6.08371144e-02 2.91790728e-02 2.63590791e-01
7.21000000e+02 6.10233947e-02 2.91273716e-02 2.63596864e-01
7.22000000e+02 6.12096750e-02 2.90756704e-02 2.63602937e-01
7.23000000e+02 6.13959553e-02 2.90239692e-02 2.63609011e-01
7.24000000e+02 6.15822356e-02 2.89722680e-02 2.63615084e-01
7.25000000e+02 6.17685159e-02 2.89205668e-02 2.63621158e-01
7.26000000e+02 6.19547962e-02 2.88688656e-02 2.63627231e-01
7.27000000e+02 6.21410765e-02 2.88171644e-02 2.63633304e-01
7.28000000e+02 6.23273567e-02 2.87654632e-02 2.63639378e-01
7.29000000e+02 6.25136370e-02 2.87137619e-02 2.63645451e-01
7.30000000e+02 6.26999173e-02 2.86620607e-02 2.63651524e-01
7.31000000e+02 6.28861976e-02 2.86103595e-02 2.63657598e-01
7.32000000e+02 6.30724779e-02 2.85586583e-02 2.63663671e-01
7.33000000e+02 6.32587582e-02 2.85069571e-02 2.63669745e-01
7.34000000e+02 6.34450385e-02 2.84552559e-02 2.63675818e-01
7.35000000e+02 6.36313188e-02 2.84035547e-02 2.63681891e-01
7.36000000e+02 6.38175991e-02 2.83518535e-02 2.63687965e-01
7.37000000e+02 6.40038794e-02 2.83001523e-02 2.63694038e-01
7.38000000e+02 6.41901596e-02 2.82484510e-02 2.63700111e-01
7.39000000e+02 6.43764399e-02 2.81967498e-02 2.63706185e-01
7.40000000e+02 6.45627202e-02 2.81450486e-02 2.63712258e-01
7.41000000e+02 6.47583866e-02 2.77541478e-02 2.63628586e-01
7.42000000e+02 6.49540529e-02 2.73632470e-02 2.63544914e-01
7.43000000e+02 6.51497193e-02 2.69723462e-02 2.63461242e-01
7.44000000e+02 6.53453856e-02 2.65814455e-02 2.63377570e-01
7.45000000e+02 6.55410519e-02 2.61905447e-02 2.63293898e-01
7.46000000e+02 6.57367183e-02 2.57996439e-02 2.63210226e-01
7.47000000e+02 6.59323846e-02 2.54087431e-02 2.63126554e-01
7.48000000e+02 6.61280510e-02 2.50178423e-02 2.63042882e-01
7.49000000e+02 6.63237173e-02 2.46269415e-02 2.62959210e-01
7.50000000e+02 6.65193837e-02 2.42360407e-02 2.62875538e-01
7.51000000e+02 6.67150500e-02 2.38451399e-02 2.62791866e-01
7.52000000e+02 6.69107164e-02 2.34542391e-02 2.62708194e-01
7.53000000e+02 6.71063827e-02 2.30633383e-02 2.62624521e-01
7.54000000e+02 6.73020490e-02 2.26724375e-02 2.62540849e-01
7.55000000e+02 6.74977154e-02 2.22815368e-02 2.62457177e-01
7.56000000e+02 6.76933817e-02 2.18906360e-02 2.62373505e-01
7.57000000e+02 6.78890481e-02 2.14997352e-02 2.62289833e-01
7.58000000e+02 6.80847144e-02 2.11088344e-02 2.62206161e-01
7.59000000e+02 6.82803808e-02 2.07179336e-02 2.62122489e-01
7.60000000e+02 6.84760471e-02 2.03270328e-02 2.62038817e-01
7.61000000e+02 6.86819571e-02 1.97804537e-02 2.61878138e-01
7.62000000e+02 6.88878670e-02 1.92338746e-02 2.61717459e-01
7.63000000e+02 6.90937770e-02 1.86872955e-02 2.61556780e-01
7.64000000e+02 6.92996869e-02 1.81407164e-02 2.61396101e-01
7.65000000e+02 6.95055969e-02 1.75941373e-02 2.61235422e-01
7.66000000e+02 6.97115068e-02 1.70475583e-02 2.61074743e-01
7.67000000e+02 6.99174168e-02 1.65009792e-02 2.60914064e-01
7.68000000e+02 7.01233267e-02 1.59544001e-02 2.60753385e-01
7.69000000e+02 7.03292367e-02 1.54078210e-02 2.60592706e-01
7.70000000e+02 7.05351467e-02 1.48612419e-02 2.60432027e-01
7.71000000e+02 7.07410566e-02 1.43146628e-02 2.60271348e-01
7.72000000e+02 7.09469666e-02 1.37680837e-02 2.60110669e-01
7.73000000e+02 7.11528765e-02 1.32215046e-02 2.59949990e-01
7.74000000e+02 7.13587865e-02 1.26749255e-02 2.59789311e-01
7.75000000e+02 7.15646964e-02 1.21283464e-02 2.59628632e-01
7.76000000e+02 7.17706064e-02 1.15817674e-02 2.59467953e-01
7.77000000e+02 7.19765163e-02 1.10351883e-02 2.59307274e-01
7.78000000e+02 7.21824263e-02 1.04886092e-02 2.59146595e-01
7.79000000e+02 7.23883362e-02 9.94203009e-03 2.58985916e-01
7.80000000e+02 7.25942462e-02 9.39545100e-03 2.58825237e-01
7.81000000e+02 7.27524458e-02 8.95344270e-03 2.58653952e-01
7.82000000e+02 7.29106455e-02 8.51143440e-03 2.58482667e-01
7.83000000e+02 7.30688451e-02 8.06942610e-03 2.58311382e-01
7.84000000e+02 7.32270448e-02 7.62741781e-03 2.58140098e-01
7.85000000e+02 7.33852444e-02 7.18540951e-03 2.57968813e-01
7.86000000e+02 7.35434440e-02 6.74340121e-03 2.57797528e-01
7.87000000e+02 7.37016437e-02 6.30139291e-03 2.57626243e-01
7.88000000e+02 7.38598433e-02 5.85938461e-03 2.57454958e-01
7.89000000e+02 7.40180430e-02 5.41737632e-03 2.57283674e-01
7.90000000e+02 7.41762426e-02 4.97536802e-03 2.57112389e-01
7.91000000e+02 7.43344423e-02 4.53335972e-03 2.56941104e-01
7.92000000e+02 7.44926419e-02 4.09135142e-03 2.56769819e-01
7.93000000e+02 7.46508415e-02 3.64934312e-03 2.56598534e-01
7.94000000e+02 7.48090412e-02 3.20733483e-03 2.56427250e-01
7.95000000e+02 7.49672408e-02 2.76532653e-03 2.56255965e-01
7.96000000e+02 7.51254405e-02 2.32331823e-03 2.56084680e-01
7.97000000e+02 7.52836401e-02 1.88130993e-03 2.55913395e-01
7.98000000e+02 7.54418398e-02 1.43930164e-03 2.55742110e-01
7.99000000e+02 7.56000394e-02 9.97293337e-04 2.55570826e-01
8.00000000e+02 7.57582390e-02 5.55285039e-04 2.55399541e-01
8.01000000e+02 7.58059353e-02 3.84149336e-04 2.55317083e-01
8.02000000e+02 7.58536316e-02 2.13013634e-04 2.55234624e-01
8.03000000e+02 7.59013279e-02 4.18779309e-05 2.55152166e-01
8.04000000e+02 7.59490242e-02 -1.29257772e-04 2.55069708e-01
8.05000000e+02 7.59967205e-02 -3.00393475e-04 2.54987250e-01
8.06000000e+02 7.60444168e-02 -4.71529178e-04 2.54904792e-01
8.07000000e+02 7.60921131e-02 -6.42664880e-04 2.54822333e-01
8.08000000e+02 7.61398094e-02 -8.13800583e-04 2.54739875e-01
8.09000000e+02 7.61875057e-02 -9.84936286e-04 2.54657417e-01
8.10000000e+02 7.62352020e-02 -1.15607199e-03 2.54574959e-01
8.11000000e+02 7.62828983e-02 -1.32720769e-03 2.54492501e-01
8.12000000e+02 7.63305946e-02 -1.49834339e-03 2.54410042e-01
8.13000000e+02 7.63782909e-02 -1.66947910e-03 2.54327584e-01
8.14000000e+02 7.64259872e-02 -1.84061480e-03 2.54245126e-01
8.15000000e+02 7.64736835e-02 -2.01175050e-03 2.54162668e-01
8.16000000e+02 7.65213798e-02 -2.18288621e-03 2.54080209e-01
8.17000000e+02 7.65690761e-02 -2.35402191e-03 2.53997751e-01
8.18000000e+02 7.66167724e-02 -2.52515761e-03 2.53915293e-01
8.19000000e+02 7.66644687e-02 -2.69629331e-03 2.53832835e-01
8.20000000e+02 7.67121650e-02 -2.86742902e-03 2.53750377e-01
8.21000000e+02 7.66878635e-02 -2.85677520e-03 2.53749961e-01
8.22000000e+02 7.66635620e-02 -2.84612138e-03 2.53749545e-01
8.23000000e+02 7.66392604e-02 -2.83546756e-03 2.53749130e-01
8.24000000e+02 7.66149589e-02 -2.82481375e-03 2.53748714e-01
8.25000000e+02 7.65906574e-02 -2.81415993e-03 2.53748299e-01
8.26000000e+02 7.65663558e-02 -2.80350611e-03 2.53747883e-01
8.27000000e+02 7.65420543e-02 -2.79285230e-03 2.53747468e-01
8.28000000e+02 7.65177528e-02 -2.78219848e-03 2.53747052e-01
8.29000000e+02 7.64934512e-02 -2.77154466e-03 2.53746637e-01
8.30000000e+02 7.64691497e-02 -2.76089084e-03 2.53746221e-01
8.31000000e+02 7.64448482e-02 -2.75023703e-03 2.53745806e-01
8.32000000e+02 7.64205466e-02 -2.73958321e-03 2.53745390e-01
8.33000000e+02 7.63962451e-02 -2.72892939e-03 2.53744975e-01
8.34000000e+02 7.63719436e-02 -2.71827557e-03 2.53744559e-01
8.35000000e+02 7.63476420e-02 -2.70762176e-03 2.53744143e-01
8.36000000e+02 7.63233405e-02 -2.69696794e-03 2.53743728e-01
8.37000000e+02 7.62990390e-02 -2.68631412e-03 2.53743312e-01
8.38000000e+02 7.62747374e-02 -2.67566031e-03 2.53742897e-01
8.39000000e+02 7.62504359e-02 -2.66500649e-03 2.53742481e-01
8.40000000e+02 7.62261344e-02 -2.65435267e-03 2.53742066e-01
8.41000000e+02 7.62049314e-02 -2.64561137e-03 2.53741757e-01
8.42000000e+02 7.61837285e-02 -2.63687007e-03 2.53741449e-01
8.43000000e+02 7.61625255e-02 -2.62812878e-03 2.53741140e-01
8.44000000e+02 7.61413226e-02 -2.61938748e-03 2.53740832e-01
8.45000000e+02 7.61201196e-02 -2.61064618e-03 2.53740523e-01
8.46000000e+02 7.60989167e-02 -2.60190488e-03 2.53740215e-01
8.47000000e+02 7.60777137e-02 -2.59316358e-03 2.53739906e-01
8.48000000e+02 7.60565108e-02 -2.58442229e-03 2.53739598e-01
8.49000000e+02 7.60353078e-02 -2.57568099e-03 2.53739289e-01
8.50000000e+02 7.60141049e-02 -2.56693969e-03 2.53738981e-01
8.51000000e+02 7.59929019e-02 -2.55819839e-03 2.53738672e-01
8.52000000e+02 7.59716990e-02 -2.54945709e-03 2.53738364e-01
8.53000000e+02 7.59504960e-02 -2.54071580e-03 2.53738055e-01
8.54000000e+02 7.59292931e-02 -2.53197450e-03 2.53737747e-01
8.55000000e+02 7.59080901e-02 -2.52323320e-03 2.53737438e-01
8.56000000e+02 7.58868872e-02 -2.51449190e-03 2.53737130e-01
8.57000000e+02 7.58656842e-02 -2.50575060e-03 2.53736821e-01
8.58000000e+02 7.58444813e-02 -2.49700931e-03 2.53736513e-01
8.59000000e+02 7.58232783e-02 -2.48826801e-03 2.53736204e-01
8.60000000e+02 7.58020754e-02 -2.47952671e-03 2.53735896e-01
8.61000000e+02 7.57834106e-02 -2.47230207e-03 2.53735684e-01
8.62000000e+02 7.57647457e-02 -2.46507742e-03 2.53735473e-01
8.63000000e+02 7.57460809e-02 -2.45785278e-03 2.53735262e-01
8.64000000e+02 7.57274161e-02 -2.45062814e-03 2.53735051e-01
8.65000000e+02 7.57087512e-02 -2.44340350e-03 2.53734839e-01
8.66000000e+02 7.56900864e-02 -2.43617886e-03 2.53734628e-01
8.67000000e+02 7.56714216e-02 -2.42895422e-03 2.53734417e-01
8.68000000e+02 7.56527567e-02 -2.42172957e-03 2.53734206e-01
8.69000000e+02 7.56340919e-02 -2.41450493e-03 2.53733994e-01
8.70000000e+02 7.56154271e-02 -2.40728029e-03 2.53733783e-01
8.71000000e+02 7.55967622e-02 -2.40005565e-03 2.53733572e-01
8.72000000e+02 7.55780974e-02 -2.39283101e-03 2.53733361e-01
8.73000000e+02 7.55594326e-02 -2.38560636e-03 2.53733149e-01
8.74000000e+02 7.55407678e-02 -2.37838172e-03 2.53732938e-01
8.75000000e+02 7.55221029e-02 -2.37115708e-03 2.53732727e-01
8.76000000e+02 7.55034381e-02 -2.36393244e-03 2.53732516e-01
8.77000000e+02 7.54847733e-02 -2.35670780e-03 2.53732304e-01
8.78000000e+02 7.54661084e-02 -2.34948315e-03 2.53732093e-01
8.79000000e+02 7.54474436e-02 -2.34225851e-03 2.53731882e-01
8.80000000e+02 7.54287788e-02 -2.33503387e-03 2.53731671e-01
8.81000000e+02 7.54122043e-02 -2.32901850e-03 2.53731543e-01
8.82000000e+02 7.53956298e-02 -2.32300314e-03 2.53731416e-01
8.83000000e+02 7.53790553e-02 -2.31698777e-03 2.53731288e-01
8.84000000e+02 7.53624808e-02 -2.31097240e-03 2.53731161e-01
8.85000000e+02 7.53459063e-02 -2.30495704e-03 2.53731034e-01
8.86000000e+02 7.53293318e-02 -2.29894167e-03 2.53730906e-01
8.87000000e+02 7.53127574e-02 -2.29292630e-03 2.53730779e-01
8.88000000e+02 7.52961829e-02 -2.28691094e-03 2.53730651e-01
8.89000000e+02 7.52796084e-02 -2.28089557e-03 2.53730524e-01
8.90000000e+02 7.52630339e-02 -2.27488020e-03 2.53730396e-01
8.91000000e+02 7.52464594e-02 -2.26886484e-03 2.53730269e-01
8.92000000e+02 7.52298849e-02 -2.26284947e-03 2.53730142e-01
8.93000000e+02 7.52133104e-02 -2.25683410e-03 2.53730014e-01
8.94000000e+02 7.51967359e-02 -2.25081874e-03 2.53729887e-01
8.95000000e+02 7.51801614e-02 -2.24480337e-03 2.53729759e-01
8.96000000e+02 7.51635870e-02 -2.23878800e-03 2.53729632e-01
8.97000000e+02 7.51470125e-02 -2.23277264e-03 2.53729504e-01
8.98000000e+02 7.51304380e-02 -2.22675727e-03 2.53729377e-01
8.99000000e+02 7.51138635e-02 -2.22074190e-03 2.53729250e-01
9.00000000e+02 7.50972890e-02 -2.21472654e-03 2.53729122e-01
9.01000000e+02 7.50824462e-02 -2.20968019e-03 2.53729064e-01
9.02000000e+02 7.50676035e-02 -2.20463384e-03 2.53729007e-01
9.03000000e+02 7.50527607e-02 -2.19958750e-03 2.53728949e-01
9.04000000e+02 7.50379179e-02 -2.19454115e-03 2.53728891e-01
9.05000000e+02 7.50230752e-02 -2.18949480e-03 2.53728833e-01
9.06000000e+02 7.50082324e-02 -2.18444846e-03 2.53728775e-01
9.07000000e+02 7.49933896e-02 -2.17940211e-03 2.53728718e-01
9.08000000e+02 7.49785469e-02 -2.17435577e-03 2.53728660e-01
9.09000000e+02 7.49637041e-02 -2.16930942e-03 2.53728602e-01
9.10000000e+02 7.49488613e-02 -2.16426307e-03 2.53728544e-01
9.11000000e+02 7.49340186e-02 -2.15921673e-03 2.53728486e-01
9.12000000e+02 7.49191758e-02 -2.15417038e-03 2.53728429e-01
9.13000000e+02 7.49043330e-02 -2.14912403e-03 2.53728371e-01
9.14000000e+02 7.48894903e-02 -2.14407769e-03 2.53728313e-01
9.15000000e+02 7.48746475e-02 -2.13903134e-03 2.53728255e-01
9.16000000e+02 7.48598047e-02 -2.13398499e-03 2.53728197e-01
9.17000000e+02 7.48449620e-02 -2.12893865e-03 2.53728140e-01
9.18000000e+02 7.48301192e-02 -2.12389230e-03 2.53728082e-01
9.19000000e+02 7.48152764e-02 -2.11884596e-03 2.53728024e-01
9.20000000e+02 7.48004337e-02 -2.11379961e-03 2.53727966e-01
9.21000000e+02 7.47870347e-02 -2.10953341e-03 2.53727965e-01
9.22000000e+02 7.47736358e-02 -2.10526721e-03 2.53727963e-01
9.23000000e+02 7.47602369e-02 -2.10100101e-03 2.53727961e-01
9.24000000e+02 7.47468379e-02 -2.09673481e-03 2.53727960e-01
9.25000000e+02 7.47334390e-02 -2.09246861e-03 2.53727958e-01
9.26000000e+02 7.47200401e-02 -2.08820241e-03 2.53727956e-01
9.27000000e+02 7.47066411e-02 -2.08393621e-03 2.53727955e-01
9.28000000e+02 7.46932422e-02 -2.07967001e-03 2.53727953e-01
9.29000000e+02 7.46798433e-02 -2.07540381e-03 2.53727952e-01
9.30000000e+02 7.46664443e-02 -2.07113761e-03 2.53727950e-01
9.31000000e+02 7.46530454e-02 -2.06687140e-03 2.53727948e-01
9.32000000e+02 7.46396465e-02 -2.06260520e-03 2.53727947e-01
9.33000000e+02 7.46262475e-02 -2.05833900e-03 2.53727945e-01
9.34000000e+02 7.46128486e-02 -2.05407280e-03 2.53727943e-01
9.35000000e+02 7.45994496e-02 -2.04980660e-03 2.53727942e-01
9.36000000e+02 7.45860507e-02 -2.04554040e-03 2.53727940e-01
9.37000000e+02 7.45726518e-02 -2.04127420e-03 2.53727939e-01
9.38000000e+02 7.45592528e-02 -2.03700800e-03 2.53727937e-01
9.39000000e+02 7.45458539e-02 -2.03274180e-03 2.53727935e-01
9.40000000e+02 7.45324550e-02 -2.02847560e-03 2.53727934e-01
9.41000000e+02 7.45202682e-02 -2.02484032e-03 2.53727976e-01
9.42000000e+02 7.45080814e-02 -2.02120504e-03 2.53728019e-01
9.43000000e+02 7.44958947e-02 -2.01756975e-03 2.53728061e-01
9.44000000e+02 7.44837079e-02 -2.01393447e-03 2.53728104e-01
9.45000000e+02 7.44715211e-02 -2.01029919e-03 2.53728146e-01
9.46000000e+02 7.44593343e-02 -2.00666391e-03 2.53728189e-01
9.47000000e+02 7.44471476e-02 -2.00302863e-03 2.53728231e-01
9.48000000e+02 7.44349608e-02 -1.99939334e-03 2.53728274e-01
9.49000000e+02 7.44227740e-02 -1.99575806e-03 2.53728316e-01
9.50000000e+02 7.44105873e-02 -1.99212278e-03 2.53728359e-01
9.51000000e+02 7.43984005e-02 -1.98848750e-03 2.53728401e-01
9.52000000e+02 7.43862137e-02 -1.98485222e-03 2.53728443e-01
9.53000000e+02 7.43740269e-02 -1.98121693e-03 2.53728486e-01
9.54000000e+02 7.43618402e-02 -1.97758165e-03 2.53728528e-01
9.55000000e+02 7.43496534e-02 -1.97394637e-03 2.53728571e-01
9.56000000e+02 7.43374666e-02 -1.97031109e-03 2.53728613e-01
9.57000000e+02 7.43252798e-02 -1.96667581e-03 2.53728656e-01
9.58000000e+02 7.43130931e-02 -1.96304052e-03 2.53728698e-01
9.59000000e+02 7.43009063e-02 -1.95940524e-03 2.53728741e-01
9.60000000e+02 7.42887195e-02 -1.95576996e-03 2.53728783e-01
9.61000000e+02 7.42775580e-02 -1.95264718e-03 2.53728860e-01
9.62000000e+02 7.42663965e-02 -1.94952440e-03 2.53728936e-01
9.63000000e+02 7.42552350e-02 -1.94640162e-03 2.53729012e-01
9.64000000e+02 7.42440735e-02 -1.94327884e-03 2.53729088e-01
9.65000000e+02 7.42329119e-02 -1.94015606e-03 2.53729165e-01
9.66000000e+02 7.42217504e-02 -1.93703328e-03 2.53729241e-01
9.67000000e+02 7.42105889e-02 -1.93391050e-03 2.53729317e-01
9.68000000e+02 7.41994274e-02 -1.93078772e-03 2.53729394e-01
9.69000000e+02 7.41882659e-02 -1.92766494e-03 2.53729470e-01
9.70000000e+02 7.41771043e-02 -1.92454217e-03 2.53729546e-01
9.71000000e+02 7.41659428e-02 -1.92141939e-03 2.53729622e-01
9.72000000e+02 7.41547813e-02 -1.91829661e-03 2.53729699e-01
9.73000000e+02 7.41436198e-02 -1.91517383e-03 2.53729775e-01
9.74000000e+02 7.41324583e-02 -1.91205105e-03 2.53729851e-01
9.75000000e+02 7.41212968e-02 -1.90892827e-03 2.53729927e-01
9.76000000e+02 7.41101352e-02 -1.90580549e-03 2.53730004e-01
9.77000000e+02 7.40989737e-02 -1.90268271e-03 2.53730080e-01
9.78000000e+02 7.40878122e-02 -1.89955993e-03 2.53730156e-01
9.79000000e+02 7.40766507e-02 -1.89643715e-03 2.53730232e-01
9.80000000e+02 7.40654892e-02 -1.89331437e-03 2.53730309e-01
9.81000000e+02 7.40832994e-02 -1.85170689e-03 2.53753864e-01
9.82000000e+02 7.41011097e-02 -1.81009941e-03 2.53777420e-01
9.83000000e+02 7.41189200e-02 -1.76849193e-03 2.53800975e-01
9.84000000e+02 7.41367302e-02 -1.72688446e-03 2.53824530e-01
9.85000000e+02 7.41545405e-02 -1.68527698e-03 2.53848086e-01
9.86000000e+02 7.41723508e-02 -1.64366950e-03 2.53871641e-01
9.87000000e+02 7.41901610e-02 -1.60206202e-03 2.53895197e-01
9.88000000e+02 7.42079713e-02 -1.56045454e-03 2.53918752e-01
9.89000000e+02 7.42257816e-02 -1.51884706e-03 2.53942308e-01
9.90000000e+02 7.42435918e-02 -1.47723958e-03 2.53965863e-01
9.91000000e+02 7.42614021e-02 -1.43563210e-03 2.53989419e-01
9.92000000e+02 7.42792123e-02 -1.39402462e-03 2.54012974e-01
9.93000000e+02 7.42970226e-02 -1.35241715e-03 2.54036529e-01
9.94000000e+02 7.43148329e-02 -1.31080967e-03 2.54060085e-01
9.95000000e+02 7.43326431e-02 -1.26920219e-03 2.54083640e-01
9.96000000e+02 7.43504534e-02 -1.22759471e-03 2.54107196e-01
9.97000000e+02 7.43682637e-02 -1.18598723e-03 2.54130751e-01
9.98000000e+02 7.43860739e-02 -1.14437975e-03 2.54154307e-01
9.99000000e+02 7.44038842e-02 -1.10277227e-03 2.54177862e-01
1.00000000e+03 7.44216945e-02 -1.06116479e-03 2.54201418e-01
1.00100000e+03 7.45845569e-02 -8.26614295e-04 2.54336917e-01
1.00200000e+03 7.47474193e-02 -5.92063798e-04 2.54472416e-01
1.00300000e+03 7.49102818e-02 -3.57513300e-04 2.54607915e-01
1.00400000e+03 7.50731442e-02 -1.22962802e-04 2.54743414e-01
1.00500000e+03 7.52360067e-02 1.11587695e-04 2.54878914e-01
1.00600000e+03 7.53988691e-02 3.46138193e-04 2.55014413e-01
1.00700000e+03 7.55617316e-02 5.80688691e-04 2.55149912e-01
1.00800000e+03 7.57245940e-02 8.15239188e-04 2.55285411e-01
1.00900000e+03 7.58874565e-02 1.04978969e-03 2.55420910e-01
1.01000000e+03 7.60503189e-02 1.28434018e-03 2.55556409e-01
1.01100000e+03 7.62131814e-02 1.51889068e-03 2.55691909e-01
1.01200000e+03 7.63760438e-02 1.75344118e-03 2.55827408e-01
1.01300000e+03 7.65389062e-02 1.98799168e-03 2.55962907e-01
1.01400000e+03 7.67017687e-02 2.22254217e-03 2.56098406e-01
1.01500000e+03 7.68646311e-02 2.45709267e-03 2.56233905e-01
1.01600000e+03 7.70274936e-02 2.69164317e-03 2.56369405e-01
1.01700000e+03 7.71903560e-02 2.92619367e-03 2.56504904e-01
1.01800000e+03 7.73532185e-02 3.16074416e-03 2.56640403e-01
1.01900000e+03 7.75160809e-02 3.39529466e-03 2.56775902e-01
1.02000000e+03 7.76789434e-02 3.62984516e-03 2.56911401e-01
1.02100000e+03 7.79526497e-02 3.99962677e-03 2.57097880e-01
1.02200000e+03 7.82263561e-02 4.36940838e-03 2.57284359e-01
1.02300000e+03 7.85000625e-02 4.73918999e-03 2.57470838e-01
1.02400000e+03 7.87737688e-02 5.10897160e-03 2.57657317e-01
1.02500000e+03 7.90474752e-02 5.47875321e-03 2.57843796e-01
1.02600000e+03 7.93211816e-02 5.84853482e-03 2.58030275e-01
1.02700000e+03 7.95948880e-02 6.21831643e-03 2.58216754e-01
1.02800000e+03 7.98685943e-02 6.58809803e-03 2.58403233e-01
1.02900000e+03 8.01423007e-02 6.95787964e-03 2.58589712e-01
1.03000000e+03 8.04160071e-02 7.32766125e-03 2.58776191e-01
1.03100000e+03 8.06897135e-02 7.69744286e-03 2.58962670e-01
1.03200000e+03 8.09634198e-02 8.06722447e-03 2.59149149e-01
1.03300000e+03 8.12371262e-02 8.43700608e-03 2.59335628e-01
1.03400000e+03 8.15108326e-02 8.80678769e-03 2.59522107e-01
1.03500000e+03 8.17845389e-02 9.17656930e-03 2.59708586e-01
1.03600000e+03 8.20582453e-02 9.54635091e-03 2.59895065e-01
1.03700000e+03 8.23319517e-02 9.91613252e-03 2.60081544e-01
1.03800000e+03 8.26056581e-02 1.02859141e-02 2.60268023e-01
1.03900000e+03 8.28793644e-02 1.06556957e-02 2.60454502e-01
1.04000000e+03 8.31530708e-02 1.10254773e-02 2.60640981e-01
1.04100000e+03 8.34250847e-02 1.13341112e-02 2.60765498e-01
1.04200000e+03 8.36970987e-02 1.16427451e-02 2.60890016e-01
1.04300000e+03 8.39691126e-02 1.19513790e-02 2.61014534e-01
1.04400000e+03 8.42411265e-02 1.22600128e-02 2.61139052e-01
1.04500000e+03 8.45131404e-02 1.25686467e-02 2.61263569e-01
1.04600000e+03 8.47851544e-02 1.28772806e-02 2.61388087e-01
1.04700000e+03 8.50571683e-02 1.31859144e-02 2.61512605e-01
1.04800000e+03 8.53291822e-02 1.34945483e-02 2.61637123e-01
1.04900000e+03 8.56011961e-02 1.38031822e-02 2.61761640e-01
1.05000000e+03 8.58732101e-02 1.41118161e-02 2.61886158e-01
1.05100000e+03 8.61452240e-02 1.44204499e-02 2.62010676e-01
1.05200000e+03 8.64172379e-02 1.47290838e-02 2.62135194e-01
1.05300000e+03 8.66892518e-02 1.50377177e-02 2.62259712e-01
1.05400000e+03 8.69612658e-02 1.53463515e-02 2.62384229e-01
1.05500000e+03 8.72332797e-02 1.56549854e-02 2.62508747e-01
1.05600000e+03 8.75052936e-02 1.59636193e-02 2.62633265e-01
1.05700000e+03 8.77773075e-02 1.62722532e-02 2.62757783e-01
1.05800000e+03 8.80493215e-02 1.65808870e-02 2.62882300e-01
1.05900000e+03 8.83213354e-02 1.68895209e-02 2.63006818e-01
1.06000000e+03 8.85933493e-02 1.71981548e-02 2.63131336e-01
1.06100000e+03 8.87891618e-02 1.72442960e-02 2.63146748e-01
1.06200000e+03 8.89849742e-02 1.72904373e-02 2.63162161e-01
1.06300000e+03 8.91807867e-02 1.73365786e-02 2.63177573e-01
1.06400000e+03 8.93765991e-02 1.73827199e-02 2.63192985e-01
1.06500000e+03 8.95724116e-02 1.74288611e-02 2.63208398e-01
1.06600000e+03 8.97682240e-02 1.74750024e-02 2.63223810e-01
1.06700000e+03 8.99640364e-02 1.75211437e-02 2.63239222e-01
1.06800000e+03 9.01598489e-02 1.75672850e-02 2.63254634e-01
1.06900000e+03 9.03556613e-02 1.76134262e-02 2.63270047e-01
1.07000000e+03 9.05514738e-02 1.76595675e-02 2.63285459e-01
1.07100000e+03 9.07472862e-02 1.77057088e-02 2.63300871e-01
1.07200000e+03 9.09430987e-02 1.77518501e-02 2.63316284e-01
1.07300000e+03 9.11389111e-02 1.77979913e-02 2.63331696e-01
1.07400000e+03 9.13347236e-02 1.78441326e-02 2.63347108e-01
1.07500000e+03 9.15305360e-02 1.78902739e-02 2.63362521e-01
1.07600000e+03 9.17263485e-02 1.79364152e-02 2.63377933e-01
1.07700000e+03 9.19221609e-02 1.79825564e-02 2.63393345e-01
1.07800000e+03 9.21179734e-02 1.80286977e-02 2.63408758e-01
1.07900000e+03 9.23137858e-02 1.80748390e-02 2.63424170e-01
1.08000000e+03 9.25095983e-02 1.81209803e-02 2.63439582e-01
1.08100000e+03 9.26432025e-02 1.78441040e-02 2.63353474e-01
1.08200000e+03 9.27768067e-02 1.75672277e-02 2.63267366e-01
1.08300000e+03 9.29104110e-02 1.72903514e-02 2.63181258e-01
1.08400000e+03 9.30440152e-02 1.70134751e-02 2.63095150e-01
1.08500000e+03 9.31776194e-02 1.67365988e-02 2.63009042e-01
1.08600000e+03 9.33112237e-02 1.64597225e-02 2.62922934e-01
1.08700000e+03 9.34448279e-02 1.61828462e-02 2.62836826e-01
1.08800000e+03 9.35784322e-02 1.59059699e-02 2.62750718e-01
1.08900000e+03 9.37120364e-02 1.56290937e-02 2.62664610e-01
1.09000000e+03 9.38456406e-02 1.53522174e-02 2.62578502e-01
1.09100000e+03 9.39792449e-02 1.50753411e-02 2.62492395e-01
1.09200000e+03 9.41128491e-02 1.47984648e-02 2.62406287e-01
1.09300000e+03 9.42464534e-02 1.45215885e-02 2.62320179e-01
1.09400000e+03 9.43800576e-02 1.42447122e-02 2.62234071e-01
1.09500000e+03 9.45136618e-02 1.39678359e-02 2.62147963e-01
1.09600000e+03 9.46472661e-02 1.36909596e-02 2.62061855e-01
1.09700000e+03 9.47808703e-02 1.34140833e-02 2.61975747e-01
1.09800000e+03 9.49144746e-02 1.31372070e-02 2.61889639e-01
1.09900000e+03 9.50480788e-02 1.28603308e-02 2.61803531e-01
1.10000000e+03 9.51816830e-02 1.25834545e-02 2.61717423e-01
1.10100000e+03 9.52942224e-02 1.21056655e-02 2.61542662e-01
1.10200000e+03 9.54067618e-02 1.16278765e-02 2.61367902e-01
1.10300000e+03 9.55193012e-02 1.11500875e-02 2.61193142e-01
1.10400000e+03 9.56318405e-02 1.06722985e-02 2.61018381e-01
1.10500000e+03 9.57443799e-02 1.01945095e-02 2.60843621e-01
1.10600000e+03 9.58569193e-02 9.71672053e-03 2.60668861e-01
1.10700000e+03 9.59694586e-02 9.23893154e-03 2.60494100e-01
1.10800000e+03 9.60819980e-02 8.76114255e-03 2.60319340e-01
1.10900000e+03 9.61945374e-02 8.28335356e-03 2.60144579e-01
1.11000000e+03 9.63070767e-02 7.80556457e-03 2.59969819e-01
1.11100000e+03 9.64196161e-02 7.32777558e-03 2.59795059e-01
1.11200000e+03 9.65321555e-02 6.84998659e-03 2.59620298e-01
1.11300000e+03 9.66446949e-02 6.37219760e-03 2.59445538e-01
1.11400000e+03 9.67572342e-02 5.89440861e-03 2.59270778e-01
1.11500000e+03 9.68697736e-02 5.41661962e-03 2.59096017e-01
1.11600000e+03 9.69823130e-02 4.93883064e-03 2.58921257e-01
1.11700000e+03 9.70948523e-02 4.46104165e-03 2.58746496e-01
1.11800000e+03 9.72073917e-02 3.98325266e-03 2.58571736e-01
1.11900000e+03 9.73199311e-02 3.50546367e-03 2.58396976e-01
1.12000000e+03 9.74324705e-02 3.02767468e-03 2.58222215e-01
1.12100000e+03 9.75274583e-02 2.56592506e-03 2.58004082e-01
1.12200000e+03 9.76224462e-02 2.10417545e-03 2.57785949e-01
1.12300000e+03 9.77174341e-02 1.64242584e-03 2.57567815e-01
1.12400000e+03 9.78124220e-02 1.18067622e-03 2.57349682e-01
1.12500000e+03 9.79074098e-02 7.18926607e-04 2.57131549e-01
1.12600000e+03 9.80023977e-02 2.57176992e-04 2.56913415e-01
1.12700000e+03 9.80973856e-02 -2.04572622e-04 2.56695282e-01
1.12800000e+03 9.81923735e-02 -6.66322236e-04 2.56477148e-01
1.12900000e+03 9.82873613e-02 -1.12807185e-03 2.56259015e-01
1.13000000e+03 9.83823492e-02 -1.58982146e-03 2.56040882e-01
1.13100000e+03 9.84773371e-02 -2.05157108e-03 2.55822748e-01
1.13200000e+03 9.85723250e-02 -2.51332069e-03 2.55604615e-01
1.13300000e+03 9.86673128e-02 -2.97507031e-03 2.55386482e-01
1.13400000e+03 9.87623007e-02 -3.43681992e-03 2.55168348e-01
1.13500000e+03 9.88572886e-02 -3.89856954e-03 2.54950215e-01
1.13600000e+03 9.89522765e-02 -4.36031915e-03 2.54732082e-01
1.13700000e+03 9.90472644e-02 -4.82206877e-03 2.54513948e-01
1.13800000e+03 9.91422522e-02 -5.28381838e-03 2.54295815e-01
1.13900000e+03 9.92372401e-02 -5.74556799e-03 2.54077681e-01
1.14000000e+03 9.93322280e-02 -6.20731761e-03 2.53859548e-01
1.14100000e+03 9.93764667e-02 -6.47331917e-03 2.53700497e-01
1.14200000e+03 9.94207054e-02 -6.73932074e-03 2.53541445e-01
1.14300000e+03 9.94649441e-02 -7.00532230e-03 2.53382394e-01
1.14400000e+03 9.95091828e-02 -7.27132387e-03 2.53223343e-01
1.14500000e+03 9.95534215e-02 -7.53732543e-03 2.53064291e-01
1.14600000e+03 9.95976602e-02 -7.80332699e-03 2.52905240e-01
1.14700000e+03 9.96418989e-02 -8.06932856e-03 2.52746189e-01
1.14800000e+03 9.96861377e-02 -8.33533012e-03 2.52587137e-01
1.14900000e+03 9.97303764e-02 -8.60133169e-03 2.52428086e-01
1.15000000e+03 9.97746151e-02 -8.86733325e-03 2.52269035e-01
1.15100000e+03 9.98188538e-02 -9.13333482e-03 2.52109983e-01
1.15200000e+03 9.98630925e-02 -9.39933638e-03 2.51950932e-01
1.15300000e+03 9.99073312e-02 -9.66533795e-03 2.51791881e-01
1.15400000e+03 9.99515699e-02 -9.93133951e-03 2.51632829e-01
1.15500000e+03 9.99958086e-02 -1.01973411e-02 2.51473778e-01
1.15600000e+03 1.00040047e-01 -1.04633426e-02 2.51314727e-01
1.15700000e+03 1.00084286e-01 -1.07293442e-02 2.51155675e-01
1.15800000e+03 1.00128525e-01 -1.09953458e-02 2.50996624e-01
1.15900000e+03 1.00172763e-01 -1.12613473e-02 2.50837573e-01
1.16000000e+03 1.00217002e-01 -1.15273489e-02 2.50678521e-01
1.16100000e+03 1.00195410e-01 -1.15662642e-02 2.50645578e-01
1.16200000e+03 1.00173818e-01 -1.16051794e-02 2.50612635e-01
1.16300000e+03 1.00152226e-01 -1.16440947e-02 2.50579692e-01
1.16400000e+03 1.00130634e-01 -1.16830100e-02 2.50546749e-01
1.16500000e+03 1.00109042e-01 -1.17219253e-02 2.50513806e-01
1.16600000e+03 1.00087450e-01 -1.17608405e-02 2.50480863e-01
1.16700000e+03 1.00065858e-01 -1.17997558e-02 2.50447920e-01
1.16800000e+03 1.00044266e-01 -1.18386711e-02 2.50414977e-01
1.16900000e+03 1.00022674e-01 -1.18775863e-02 2.50382034e-01
1.17000000e+03 1.00001082e-01 -1.19165016e-02 2.50349091e-01
1.17100000e+03 9.99794901e-02 -1.19554169e-02 2.50316148e-01
1.17200000e+03 9.99578981e-02 -1.19943322e-02 2.50283205e-01
1.17300000e+03 9.99363061e-02 -1.20332474e-02 2.50250262e-01
1.17400000e+03 9.99147141e-02 -1.20721627e-02 2.50217319e-01
1.17500000e+03 9.98931221e-02 -1.21110780e-02 2.50184376e-01
1.17600000e+03 9.98715301e-02 -1.21499933e-02 2.50151433e-01
1.17700000e+03 9.98499381e-02 -1.21889085e-02 2.50118489e-01
1.17800000e+03 9.98283461e-02 -1.22278238e-02 2.50085546e-01
1.17900000e+03 9.98067541e-02 -1.22667391e-02 2.50052603e-01
1.18000000e+03 9.97851621e-02 -1.23056543e-02 2.50019660e-01
1.18100000e+03 9.97529009e-02 -1.22977899e-02 2.50017515e-01
1.18200000e+03 9.97206397e-02 -1.22899255e-02 2.50015370e-01
1.18300000e+03 9.96883784e-02 -1.22820611e-02 2.50013225e-01
1.18400000e+03 9.96561172e-02 -1.22741966e-02 2.50011080e-01
1.18500000e+03 9.96238560e-02 -1.22663322e-02 2.50008936e-01
1.18600000e+03 9.95915948e-02 -1.22584678e-02 2.50006791e-01
1.18700000e+03 9.95593336e-02 -1.22506034e-02 2.50004646e-01
1.18800000e+03 9.95270724e-02 -1.22427390e-02 2.50002501e-01
1.18900000e+03 9.94948112e-02 -1.22348745e-02 2.50000356e-01
1.19000000e+03 9.94625500e-02 -1.22270101e-02 2.49998211e-01
1.19100000e+03 9.94302888e-02 -1.22191457e-02 2.49996066e-01
1.19200000e+03 9.93980276e-02 -1.22112813e-02 2.49993921e-01
1.19300000e+03 9.93657664e-02 -1.22034168e-02 2.49991776e-01
1.19400000e+03 9.93335052e-02 -1.21955524e-02 2.49989631e-01
1.19500000e+03 9.93012440e-02 -1.21876880e-02 2.49987486e-01
1.19600000e+03 9.92689828e-02 -1.21798236e-02 2.49985341e-01
1.19700000e+03 9.92367216e-02 -1.21719591e-02 2.49983196e-01
1.19800000e+03 9.92044604e-02 -1.21640947e-02 2.49981051e-01
1.19900000e+03 9.91721992e-02 -1.21562303e-02 2.49978906e-01
1.20000000e+03 9.91399380e-02 -1.21483659e-02 2.49976761e-01
1.20100000e+03 9.91114675e-02 -1.21421439e-02 2.49974575e-01
1.20200000e+03 9.90829971e-02 -1.21359218e-02 2.49972389e-01
1.20300000e+03 9.90545266e-02 -1.21296998e-02 2.49970203e-01
1.20400000e+03 9.90260562e-02 -1.21234778e-02 2.49968016e-01
1.20500000e+03 9.89975857e-02 -1.21172558e-02 2.49965830e-01
1.20600000e+03 9.89691153e-02 -1.21110338e-02 2.49963644e-01
1.20700000e+03 9.89406448e-02 -1.21048118e-02 2.49961458e-01
1.20800000e+03 9.89121744e-02 -1.20985897e-02 2.49959272e-01
1.20900000e+03 9.88837039e-02 -1.20923677e-02 2.49957086e-01
1.21000000e+03 9.88552335e-02 -1.20861457e-02 2.49954899e-01
1.21100000e+03 9.88267630e-02 -1.20799237e-02 2.49952713e-01
1.21200000e+03 9.87982926e-02 -1.20737017e-02 2.49950527e-01
1.21300000e+03 9.87698221e-02 -1.20674797e-02 2.49948341e-01
1.21400000e+03 9.87413517e-02 -1.20612576e-02 2.49946155e-01
1.21500000e+03 9.87128812e-02 -1.20550356e-02 2.49943968e-01
1.21600000e+03 9.86844108e-02 -1.20488136e-02 2.49941782e-01
1.21700000e+03 9.86559403e-02 -1.20425916e-02 2.49939596e-01
1.21800000e+03 9.86274699e-02 -1.20363696e-02 2.49937410e-01
1.21900000e+03 9.85989994e-02 -1.20301476e-02 2.49935224e-01
1.22000000e+03 9.85705290e-02 -1.20239255e-02 2.49933038e-01
1.22100000e+03 9.85452188e-02 -1.20190070e-02 2.49930849e-01
1.22200000e+03 9.85199086e-02 -1.20140884e-02 2.49928660e-01
1.22300000e+03 9.84945984e-02 -1.20091698e-02 2.49926471e-01
1.22400000e+03 9.84692881e-02 -1.20042512e-02 2.49924282e-01
1.22500000e+03 9.84439779e-02 -1.19993326e-02 2.49922093e-01
1.22600000e+03 9.84186677e-02 -1.19944141e-02 2.49919904e-01
1.22700000e+03 9.83933575e-02 -1.19894955e-02 2.49917715e-01
1.22800000e+03 9.83680473e-02 -1.19845769e-02 2.49915526e-01
1.22900000e+03 9.83427371e-02 -1.19796583e-02 2.49913337e-01
1.23000000e+03 9.83174268e-02 -1.19747397e-02 2.49911148e-01
1.23100000e+03 9.82921166e-02 -1.19698212e-02 2.49908959e-01
1.23200000e+03 9.82668064e-02 -1.19649026e-02 2.49906770e-01
1.23300000e+03 9.82414962e-02 -1.19599840e-02 2.49904581e-01
1.23400000e+03 9.82161860e-02 -1.19550654e-02 2.49902392e-01
1.23500000e+03 9.81908758e-02 -1.19501468e-02 2.49900203e-01
1.23600000e+03 9.81655655e-02 -1.19452283e-02 2.49898014e-01
1.23700000e+03 9.81402553e-02 -1.19403097e-02 2.49895825e-01
1.23800000e+03 9.81149451e-02 -1.19353911e-02 2.49893636e-01
1.23900000e+03 9.80896349e-02 -1.19304725e-02 2.49891447e-01
1.24000000e+03 9.80643247e-02 -1.19255539e-02 2.49889258e-01
1.24100000e+03 9.80416609e-02 -1.19216704e-02 2.49887091e-01
1.24200000e+03 9.80189971e-02 -1.19177869e-02 2.49884925e-01
1.24300000e+03 9.79963333e-02 -1.19139034e-02 2.49882759e-01
1.24400000e+03 9.79736695e-02 -1.19100199e-02 2.49880592e-01
1.24500000e+03 9.79510057e-02 -1.19061364e-02 2.49878426e-01
1.24600000e+03 9.79283419e-02 -1.19022529e-02 2.49876259e-01
1.24700000e+03 9.79056781e-02 -1.18983693e-02 2.49874093e-01
1.24800000e+03 9.78830143e-02 -1.18944858e-02 2.49871927e-01
1.24900000e+03 9.78603505e-02 -1.18906023e-02 2.49869760e-01
1.25000000e+03 9.78376867e-02 -1.18867188e-02 2.49867594e-01
1.25100000e+03 9.78150230e-02 -1.18828353e-02 2.49865428e-01
1.25200000e+03 9.77923592e-02 -1.18789518e-02 2.49863261e-01
1.25300000e+03 9.77696954e-02 -1.18750683e-02 2.49861095e-01
1.25400000e+03 9.77470316e-02 -1.18711847e-02 2.49858929e-01
1.25500000e+03 9.77243678e-02 -1.18673012e-02 2.49856762e-01
1.25600000e+03 9.77017040e-02 -1.18634177e-02 2.49854596e-01
1.25700000e+03 9.76790402e-02 -1.18595342e-02 2.49852430e-01
1.25800000e+03 9.76563764e-02 -1.18556507e-02 2.49850263e-01
1.25900000e+03 9.76337126e-02 -1.18517672e-02 2.49848097e-01
1.26000000e+03 9.76110488e-02 -1.18478836e-02 2.49845931e-01
1.26100000e+03 9.75906124e-02 -1.18448222e-02 2.49843804e-01
1.26200000e+03 9.75701760e-02 -1.18417608e-02 2.49841677e-01
1.26300000e+03 9.75497396e-02 -1.18386994e-02 2.49839550e-01
1.26400000e+03 9.75293032e-02 -1.18356380e-02 2.49837423e-01
1.26500000e+03 9.75088668e-02 -1.18325766e-02 2.49835296e-01
1.26600000e+03 9.74884304e-02 -1.18295152e-02 2.49833169e-01
1.26700000e+03 9.74679940e-02 -1.18264538e-02 2.49831042e-01
1.26800000e+03 9.74475576e-02 -1.18233924e-02 2.49828915e-01
1.26900000e+03 9.74271212e-02 -1.18203310e-02 2.49826788e-01
1.27000000e+03 9.74066848e-02 -1.18172695e-02 2.49824661e-01
1.27100000e+03 9.73862484e-02 -1.18142081e-02 2.49822534e-01
1.27200000e+03 9.73658120e-02 -1.18111467e-02 2.49820407e-01
1.27300000e+03 9.73453756e-02 -1.18080853e-02 2.49818280e-01
1.27400000e+03 9.73249392e-02 -1.18050239e-02 2.49816153e-01
1.27500000e+03 9.73045028e-02 -1.18019625e-02 2.49814026e-01
1.27600000e+03 9.72840663e-02 -1.17989011e-02 2.49811899e-01
1.27700000e+03 9.72636299e-02 -1.17958397e-02 2.49809772e-01
1.27800000e+03 9.72431935e-02 -1.17927783e-02 2.49807645e-01
1.27900000e+03 9.72227571e-02 -1.17897169e-02 2.49805518e-01
1.28000000e+03 9.72023207e-02 -1.17866554e-02 2.49803391e-01
1.28100000e+03 9.71837696e-02 -1.17842469e-02 2.49801314e-01
1.28200000e+03 9.71652184e-02 -1.17818383e-02 2.49799237e-01
1.28300000e+03 9.71466673e-02 -1.17794297e-02 2.49797161e-01
1.28400000e+03 9.71281161e-02 -1.17770211e-02 2.49795084e-01
1.28500000e+03 9.71095650e-02 -1.17746125e-02 2.49793007e-01
1.28600000e+03 9.70910138e-02 -1.17722040e-02 2.49790930e-01
1.28700000e+03 9.70724626e-02 -1.17697954e-02 2.49788854e-01
1.28800000e+03 9.70539115e-02 -1.17673868e-02 2.49786777e-01
1.28900000e+03 9.70353603e-02 -1.17649782e-02 2.49784700e-01
1.29000000e+03 9.70168092e-02 -1.17625696e-02 2.49782623e-01
1.29100000e+03 9.69982580e-02 -1.17601610e-02 2.49780546e-01
1.29200000e+03 9.69797069e-02 -1.17577525e-02 2.49778470e-01
1.29300000e+03 9.69611557e-02 -1.17553439e-02 2.49776393e-01
1.29400000e+03 9.69426045e-02 -1.17529353e-02 2.49774316e-01
1.29500000e+03 9.69240534e-02 -1.17505267e-02 2.49772239e-01
1.29600000e+03 9.69055022e-02 -1.17481181e-02 2.49770163e-01
1.29700000e+03 9.68869511e-02 -1.17457095e-02 2.49768086e-01
1.29800000e+03 9.68683999e-02 -1.17433010e-02 2.49766009e-01
1.29900000e+03 9.68498488e-02 -1.17408924e-02 2.49763932e-01
1.30000000e+03 9.68312976e-02 -1.17384838e-02 2.49761856e-01
1.30100000e+03 9.68143519e-02 -1.17365933e-02 2.49759836e-01
1.30200000e+03 9.67974062e-02 -1.17347028e-02 2.49757816e-01
1.30300000e+03 9.67804605e-02 -1.17328124e-02 2.49755796e-01
1.30400000e+03 9.67635149e-02 -1.17309219e-02 2.49753777e-01
1.30500000e+03 9.67465692e-02 -1.17290314e-02 2.49751757e-01
1.30600000e+03 9.67296235e-02 -1.17271410e-02 2.49749737e-01
1.30700000e+03 9.67126778e-02 -1.17252505e-02 2.49747717e-01
1.30800000e+03 9.66957321e-02 -1.17233600e-02 2.49745698e-01
1.30900000e+03 9.66787864e-02 -1.17214695e-02 2.49743678e-01
1.31000000e+03 9.66618407e-02 -1.17195791e-02 2.49741658e-01
1.31100000e+03 9.66448950e-02 -1.17176886e-02 2.49739638e-01
1.31200000e+03 9.66279493e-02 -1.17157981e-02 2.49737619e-01
1.31300000e+03 9.66110036e-02 -1.17139077e-02 2.49735599e-01
1.31400000e+03 9.65940580e-02 -1.17120172e-02 2.49733579e-01
1.31500000e+03 9.65771123e-02 -1.17101267e-02 2.49731559e-01
1.31600000e+03 9.65601666e-02 -1.17082362e-02 2.49729540e-01
1.31700000e+03 9.65432209e-02 -1.17063458e-02 2.49727520e-01
1.31800000e+03 9.65262752e-02 -1.17044553e-02 2.49725500e-01
1.31900000e+03 9.65093295e-02 -1.17025648e-02 2.49723481e-01
1.32000000e+03 9.64923838e-02 -1.17006743e-02 2.49721461e-01
1.32100000e+03 9.64768144e-02 -1.16991947e-02 2.49719502e-01
1.32200000e+03 9.64612449e-02 -1.16977150e-02 2.49717544e-01
1.32300000e+03 9.64456754e-02 -1.16962354e-02 2.49715585e-01
1.32400000e+03 9.64301060e-02 -1.16947557e-02 2.49713626e-01
1.32500000e+03 9.64145365e-02 -1.16932760e-02 2.49711668e-01
1.32600000e+03 9.63989671e-02 -1.16917964e-02 2.49709709e-01
1.32700000e+03 9.63833976e-02 -1.16903167e-02 2.49707751e-01
1.32800000e+03 9.63678281e-02 -1.16888370e-02 2.49705792e-01
1.32900000e+03 9.63522587e-02 -1.16873574e-02 2.49703833e-01
1.33000000e+03 9.63366892e-02 -1.16858777e-02 2.49701875e-01
1.33100000e+03 9.63211198e-02 -1.16843980e-02 2.49699916e-01
1.33200000e+03 9.63055503e-02 -1.16829184e-02 2.49697957e-01
1.33300000e+03 9.62899809e-02 -1.16814387e-02 2.49695999e-01
1.33400000e+03 9.62744114e-02 -1.16799590e-02 2.49694040e-01
1.33500000e+03 9.62588419e-02 -1.16784794e-02 2.49692082e-01
1.33600000e+03 9.62432725e-02 -1.16769997e-02 2.49690123e-01
1.33700000e+03 9.62277030e-02 -1.16755201e-02 2.49688164e-01
1.33800000e+03 9.62121336e-02 -1.16740404e-02 2.49686206e-01
1.33900000e+03 9.61965641e-02 -1.16725607e-02 2.49684247e-01
1.34000000e+03 9.61809946e-02 -1.16710811e-02 2.49682289e-01
1.34100000e+03 9.63625375e-02 -1.18139304e-02 2.49803995e-01
1.34200000e+03 9.65440803e-02 -1.19567798e-02 2.49925702e-01
1.34300000e+03 9.67256232e-02 -1.20996292e-02 2.50047409e-01
1.34400000e+03 9.69071660e-02 -1.22424785e-02 2.50169115e-01
1.34500000e+03 9.70887088e-02 -1.23853279e-02 2.50290822e-01
1.34600000e+03 9.72702517e-02 -1.25281773e-02 2.50412529e-01
1.34700000e+03 9.74517945e-02 -1.26710266e-02 2.50534235e-01
1.34800000e+03 9.76333374e-02 -1.28138760e-02 2.50655942e-01
1.34900000e+03 9.78148802e-02 -1.29567254e-02 2.50777649e-01
1.35000000e+03 9.79964230e-02 -1.30995747e-02 2.50899355e-01
1.35100000e+03 9.81779659e-02 -1.32424241e-02 2.51021062e-01
1.35200000e+03 9.83595087e-02 -1.33852735e-02 2.51142769e-01
1.35300000e+03 9.85410515e-02 -1.35281229e-02 2.51264475e-01
1.35400000e+03 9.87225944e-02 -1.36709722e-02 2.51386182e-01
1.35500000e+03 9.89041372e-02 -1.38138216e-02 2.51507889e-01
1.35600000e+03 9.90856801e-02 -1.39566710e-02 2.51629595e-01
1.35700000e+03 9.92672229e-02 -1.40995203e-02 2.51751302e-01
1.35800000e+03 9.94487657e-02 -1.42423697e-02 2.51873009e-01
1.35900000e+03 9.96303086e-02 -1.43852191e-02 2.51994716e-01
1.36000000e+03 9.98118514e-02 -1.45280684e-02 2.52116422e-01
1.36100000e+03 1.00331263e-01 -1.49045224e-02 2.52415040e-01
1.36200000e+03 1.00850674e-01 -1.52809764e-02 2.52713659e-01
1.36300000e+03 1.01370086e-01 -1.56574304e-02 2.53012277e-01
1.36400000e+03 1.01889497e-01 -1.60338844e-02 2.53310895e-01
1.36500000e+03 1.02408909e-01 -1.64103385e-02 2.53609513e-01
1.36600000e+03 1.02928320e-01 -1.67867925e-02 2.53908131e-01
1.36700000e+03 1.03447732e-01 -1.71632465e-02 2.54206749e-01
1.36800000e+03 1.03967143e-01 -1.75397005e-02 2.54505368e-01
1.36900000e+03 1.04486554e-01 -1.79161545e-02 2.54803986e-01
1.37000000e+03 1.05005966e-01 -1.82926085e-02 2.55102604e-01
1.37100000e+03 1.05525377e-01 -1.86690625e-02 2.55401222e-01
1.37200000e+03 1.06044789e-01 -1.90455165e-02 2.55699840e-01
1.37300000e+03 1.06564200e-01 -1.94219705e-02 2.55998458e-01
1.37400000e+03 1.07083612e-01 -1.97984245e-02 2.56297077e-01
1.37500000e+03 1.07603023e-01 -2.01748785e-02 2.56595695e-01
1.37600000e+03 1.08122435e-01 -2.05513325e-02 2.56894313e-01
1.37700000e+03 1.08641846e-01 -2.09277865e-02 2.57192931e-01
1.37800000e+03 1.09161258e-01 -2.13042405e-02 2.57491549e-01
1.37900000e+03 1.09680669e-01 -2.16806945e-02 2.57790167e-01
1.38000000e+03 1.10200080e-01 -2.20571485e-02 2.58088786e-01
1.38100000e+03 1.10944049e-01 -2.25658538e-02 2.58426771e-01
1.38200000e+03 1.11688017e-01 -2.30745591e-02 2.58764755e-01
1.38300000e+03 1.12431986e-01 -2.35832643e-02 2.59102740e-01
1.38400000e+03 1.13175954e-01 -2.40919696e-02 2.59440725e-01
1.38500000e+03 1.13919922e-01 -2.46006749e-02 2.59778710e-01
1.38600000e+03 1.14663891e-01 -2.51093802e-02 2.60116695e-01
1.38700000e+03 1.15407859e-01 -2.56180854e-02 2.60454680e-01
1.38800000e+03 1.16151828e-01 -2.61267907e-02 2.60792665e-01
1.38900000e+03 1.16895796e-01 -2.66354960e-02 2.61130650e-01
1.39000000e+03 1.17639765e-01 -2.71442013e-02 2.61468635e-01
1.39100000e+03 1.18383733e-01 -2.76529065e-02 2.61806620e-01
1.39200000e+03 1.19127701e-01 -2.81616118e-02 2.62144605e-01
1.39300000e+03 1.19871670e-01 -2.86703171e-02 2.62482590e-01
1.39400000e+03 1.20615638e-01 -2.91790224e-02 2.62820575e-01
1.39500000e+03 1.21359607e-01 -2.96877276e-02 2.63158560e-01
1.39600000e+03 1.22103575e-01 -3.01964329e-02 2.63496545e-01
1.39700000e+03 1.22847543e-01 -3.07051382e-02 2.63834530e-01
1.39800000e+03 1.23591512e-01 -3.12138435e-02 2.64172515e-01
1.39900000e+03 1.24335480e-01 -3.17225487e-02 2.64510500e-01
1.40000000e+03 1.25079449e-01 -3.22312540e-02 2.64848485e-01
1.40100000e+03 1.25832522e-01 -3.27083037e-02 2.65084140e-01
1.40200000e+03 1.26585595e-01 -3.31853534e-02 2.65319796e-01
1.40300000e+03 1.27338668e-01 -3.36624031e-02 2.65555451e-01
1.40400000e+03 1.28091741e-01 -3.41394528e-02 2.65791107e-01
1.40500000e+03 1.28844814e-01 -3.46165025e-02 2.66026763e-01
1.40600000e+03 1.29597888e-01 -3.50935522e-02 2.66262418e-01
1.40700000e+03 1.30350961e-01 -3.55706018e-02 2.66498074e-01
1.40800000e+03 1.31104034e-01 -3.60476515e-02 2.66733729e-01
1.40900000e+03 1.31857107e-01 -3.65247012e-02 2.66969385e-01
1.41000000e+03 1.32610180e-01 -3.70017509e-02 2.67205041e-01
1.41100000e+03 1.33363253e-01 -3.74788006e-02 2.67440696e-01
1.41200000e+03 1.34116327e-01 -3.79558503e-02 2.67676352e-01
1.41300000e+03 1.34869400e-01 -3.84329000e-02 2.67912007e-01
1.41400000e+03 1.35622473e-01 -3.89099497e-02 2.68147663e-01
1.41500000e+03 1.36375546e-01 -3.93869994e-02 2.68383319e-01
1.41600000e+03 1.37128619e-01 -3.98640491e-02 2.68618974e-01
1.41700000e+03 1.37881692e-01 -4.03410988e-02 2.68854630e-01
1.41800000e+03 1.38634765e-01 -4.08181484e-02 2.69090285e-01
1.41900000e+03 1.39387839e-01 -4.12951981e-02 2.69325941e-01
1.42000000e+03 1.40140912e-01 -4.17722478e-02 2.69561596e-01
1.42100000e+03 1.40700789e-01 -4.20712310e-02 2.69648025e-01
1.42200000e+03 1.41260667e-01 -4.23702142e-02 2.69734454e-01
1.42300000e+03 1.41820544e-01 -4.26691974e-02 2.69820882e-01
1.42400000e+03 1.42380421e-01 -4.29681805e-02 2.69907311e-01
1.42500000e+03 1.42940299e-01 -4.32671637e-02 2.69993739e-01
1.42600000e+03 1.43500176e-01 -4.35661469e-02 2.70080168e-01
1.42700000e+03 1.44060054e-01 -4.38651301e-02 2.70166597e-01
1.42800000e+03 1.44619931e-01 -4.41641132e-02 2.70253025e-01
1.42900000e+03 1.45179808e-01 -4.44630964e-02 2.70339454e-01
1.43000000e+03 1.45739686e-01 -4.47620796e-02 2.70425882e-01
1.43100000e+03 1.46299563e-01 -4.50610628e-02 2.70512311e-01
1.43200000e+03 1.46859441e-01 -4.53600459e-02 2.70598740e-01
1.43300000e+03 1.47419318e-01 -4.56590291e-02 2.70685168e-01
1.43400000e+03 1.47979196e-01 -4.59580123e-02 2.70771597e-01
1.43500000e+03 1.48539073e-01 -4.62569955e-02 2.70858025e-01
1.43600000e+03 1.49098950e-01 -4.65559786e-02 2.70944454e-01
1.43700000e+03 1.49658828e-01 -4.68549618e-02 2.71030883e-01
1.43800000e+03 1.50218705e-01 -4.71539450e-02 2.71117311e-01
1.43900000e+03 1.50778583e-01 -4.74529282e-02 2.71203740e-01
1.44000000e+03 1.51338460e-01 -4.77519113e-02 2.71290168e-01
1.44100000e+03 1.51600301e-01 -4.77896282e-02 2.71251041e-01
1.44200000e+03 1.51862143e-01 -4.78273450e-02 2.71211913e-01
1.44300000e+03 1.52123984e-01 -4.78650619e-02 2.71172785e-01
1.44400000e+03 1.52385826e-01 -4.79027787e-02 2.71133657e-01
1.44500000e+03 1.52647667e-01 -4.79404956e-02 2.71094529e-01
1.44600000e+03 1.52909508e-01 -4.79782125e-02 2.71055402e-01
1.44700000e+03 1.53171350e-01 -4.80159293e-02 2.71016274e-01
1.44800000e+03 1.53433191e-01 -4.80536462e-02 2.70977146e-01
1.44900000e+03 1.53695033e-01 -4.80913630e-02 2.70938018e-01
1.45000000e+03 1.53956874e-01 -4.81290799e-02 2.70898890e-01
1.45100000e+03 1.54218715e-01 -4.81667967e-02 2.70859763e-01
1.45200000e+03 1.54480557e-01 -4.82045136e-02 2.70820635e-01
1.45300000e+03 1.54742398e-01 -4.82422304e-02 2.70781507e-01
1.45400000e+03 1.55004240e-01 -4.82799473e-02 2.70742379e-01
1.45500000e+03 1.55266081e-01 -4.83176641e-02 2.70703251e-01
1.45600000e+03 1.55527923e-01 -4.83553810e-02 2.70664124e-01
1.45700000e+03 1.55789764e-01 -4.83930979e-02 2.70624996e-01
1.45800000e+03 1.56051605e-01 -4.84308147e-02 2.70585868e-01
1.45900000e+03 1.56313447e-01 -4.84685316e-02 2.70546740e-01
1.46000000e+03 1.56575288e-01 -4.85062484e-02 2.70507612e-01
1.46100000e+03 1.56574417e-01 -4.83088992e-02 2.70383537e-01
1.46200000e+03 1.56573545e-01 -4.81115500e-02 2.70259462e-01
1.46300000e+03 1.56572674e-01 -4.79142008e-02 2.70135388e-01
1.46400000e+03 1.56571802e-01 -4.77168516e-02 2.70011313e-01
1.46500000e+03 1.56570931e-01 -4.75195024e-02 2.69887238e-01
1.46600000e+03 1.56570059e-01 -4.73221532e-02 2.69763163e-01
1.46700000e+03 1.56569188e-01 -4.71248040e-02 2.69639088e-01
1.46800000e+03 1.56568316e-01 -4.69274548e-02 2.69515013e-01
1.46900000e+03 1.56567445e-01 -4.67301056e-02 2.69390938e-01
1.47000000e+03 1.56566573e-01 -4.65327564e-02 2.69266863e-01
1.47100000e+03 1.56565702e-01 -4.63354072e-02 2.69142788e-01
1.47200000e+03 1.56564830e-01 -4.61380580e-02 2.69018713e-01
1.47300000e+03 1.56563959e-01 -4.59407088e-02 2.68894638e-01
1.47400000e+03 1.56563087e-01 -4.57433596e-02 2.68770563e-01
1.47500000e+03 1.56562216e-01 -4.55460104e-02 2.68646488e-01
1.47600000e+03 1.56561344e-01 -4.53486612e-02 2.68522413e-01
1.47700000e+03 1.56560472e-01 -4.51513120e-02 2.68398339e-01
1.47800000e+03 1.56559601e-01 -4.49539628e-02 2.68274264e-01
1.47900000e+03 1.56558729e-01 -4.47566136e-02 2.68150189e-01
1.48000000e+03 1.56557858e-01 -4.45592644e-02 2.68026114e-01
1.48100000e+03 1.56438929e-01 -4.42913738e-02 2.67879004e-01
1.48200000e+03 1.56320001e-01 -4.40234831e-02 2.67731894e-01
1.48300000e+03 1.56201072e-01 -4.37555924e-02 2.67584784e-01
1.48400000e+03 1.56082144e-01 -4.34877017e-02 2.67437674e-01
1.48500000e+03 1.55963215e-01 -4.32198111e-02 2.67290564e-01
1.48600000e+03 1.55844287e-01 -4.29519204e-02 2.67143454e-01
1.48700000e+03 1.55725358e-01 -4.26840297e-02 2.66996345e-01
1.48800000e+03 1.55606430e-01 -4.24161390e-02 2.66849235e-01
1.48900000e+03 1.55487501e-01 -4.21482483e-02 2.66702125e-01
1.49000000e+03 1.55368573e-01 -4.18803577e-02 2.66555015e-01
1.49100000e+03 1.55249644e-01 -4.16124670e-02 2.66407905e-01
1.49200000e+03 1.55130716e-01 -4.13445763e-02 2.66260795e-01
1.49300000e+03 1.55011787e-01 -4.10766856e-02 2.66113685e-01
1.49400000e+03 1.54892859e-01 -4.08087949e-02 2.65966575e-01
1.49500000e+03 1.54773930e-01 -4.05409043e-02 2.65819466e-01
1.49600000e+03 1.54655002e-01 -4.02730136e-02 2.65672356e-01
1.49700000e+03 1.54536073e-01 -4.00051229e-02 2.65525246e-01
1.49800000e+03 1.54417145e-01 -3.97372322e-02 2.65378136e-01
1.49900000e+03 1.54298216e-01 -3.94693415e-02 2.65231026e-01
