0.00000000e+00 0.00000000e+00 0.00000000e+00 0.00000000e+00
1.00000000e+00 0.00000000e+00 0.00000000e+00 0.00000000e+00
2.00000000e+00 0.00000000e+00 0.00000000e+00 0.00000000e+00
3.00000000e+00 0.00000000e+00 0.00000000e+00 0.00000000e+00
4.00000000e+00 0.00000000e+00 0.00000000e+00 0.00000000e+00
5.00000000e+00 0.00000000e+00 0.00000000e+00 0.00000000e+00
6.00000000e+00 0.00000000e+00 0.00000000e+00 0.00000000e+00
7.00000000e+00 0.00000000e+00 0.00000000e+00 0.00000000e+00
8.00000000e+00 0.00000000e+00 0.00000000e+00 0.00000000e+00
9.00000000e+00 0.00000000e+00 0.00000000e+00 0.00000000e+00
1.00000000e+01 0.00000000e+00 0.00000000e+00 0.00000000e+00
1.10000000e+01 0.00000000e+00 0.00000000e+00 0.00000000e+00
1.20000000e+01 0.00000000e+00 0.00000000e+00 0.00000000e+00
1.30000000e+01 0.00000000e+00 0.00000000e+00 0.00000000e+00
1.40000000e+01 0.00000000e+00 0.00000000e+00 0.00000000e+00
1.50000000e+01 0.00000000e+00 0.00000000e+00 0.00000000e+00
1.60000000e+01 0.00000000e+00 0.00000000e+00 0.00000000e+00
1.70000000e+01 0.00000000e+00 0.00000000e+00 0.00000000e+00
1.80000000e+01 0.00000000e+00 0.00000000e+00 0.00000000e+00
1.90000000e+01 0.00000000e+00 0.00000000e+00 0.00000000e+00
2.00000000e+01 0.00000000e+00 0.00000000e+00 0.00000000e+00
2.10000000e+01 -4.30619085e-17 -2.60378276e-11 -2.01796460e-09
2.20000000e+01 -8.61238169e-17 -5.20756553e-11 -4.03592920e-09
2.30000000e+01 -1.29185725e-16 -7.81134829e-11 -6.05389380e-09
2.40000000e+01 -1.72247634e-16 -1.04151311e-10 -8.07185840e-09
2.50000000e+01 -2.15309542e-16 -1.30189138e-10 -1.00898230e-08
2.60000000e+01 -2.58371451e-16 -1.56226966e-10 -1.21077876e-08
2.70000000e+01 -3.01433359e-16 -1.82264794e-10 -1.41257522e-08
2.80000000e+01 -3.44495268e-16 -2.08302621e-10 -1.61437168e-08
2.90000000e+01 -3.87557176e-16 -2.34340449e-10 -1.81616814e-08
3.00000000e+01 -4.30619085e-16 -2.60378276e-10 -2.01796460e-08
3.10000000e+01 -4.73680993e-16 -2.86416104e-10 -2.21976106e-08
3.20000000e+01 -5.16742902e-16 -3.12453932e-10 -2.42155752e-08
3.30000000e+01 -5.59804810e-16 -3.38491759e-10 -2.62335398e-08
3.40000000e+01 -6.02866718e-16 -3.64529587e-10 -2.82515044e-08
3.50000000e+01 -6.45928627e-16 -3.90567415e-10 -3.02694690e-08
3.60000000e+01 -6.88990535e-16 -4.16605242e-10 -3.22874336e-08
3.70000000e+01 -7.32052444e-16 -4.42643070e-10 -3.43053982e-08
3.80000000e+01 -7.75114352e-16 -4.68680898e-10 -3.63233628e-08
3.90000000e+01 -8.18176261e-16 -4.94718725e-10 -3.83413274e-08
4.00000000e+01 -8.61238169e-16 -5.20756553e-10 -4.03592920e-08
4.10000000e+01 -8.74420567e-16 -5.15602948e-10 -3.98659109e-08
4.20000000e+01 -8.87602964e-16 -5.10449343e-10 -3.93725298e-08
4.30000000e+01 -9.00785362e-16 -5.05295739e-10 -3.88791486e-08
4.40000000e+01 -9.13967759e-16 -5.00142134e-10 -3.83857675e-08
4.50000000e+01 -9.27150157e-16 -4.94988529e-10 -3.78923864e-08
4.60000000e+01 -9.40332554e-16 -4.89834925e-10 -3.73990053e-08
4.70000000e+01 -9.53514952e-16 -4.84681320e-10 -3.69056242e-08
4.80000000e+01 -9.66697349e-16 -4.79527715e-10 -3.64122430e-08
4.90000000e+01 -9.79879747e-16 -4.74374110e-10 -3.59188619e-08
5.00000000e+01 -9.93062144e-16 -4.69220506e-10 -3.54254808e-08
5.10000000e+01 -1.00624454e-15 -4.64066901e-10 -3.49320997e-08
5.20000000e+01 -1.01942694e-15 -4.58913296e-10 -3.44387186e-08
5.30000000e+01 -1.03260934e-15 -4.53759692e-10 -3.39453374e-08
5.40000000e+01 -1.04579173e-15 -4.48606087e-10 -3.34519563e-08
5.50000000e+01 -1.05897413e-15 -4.43452482e-10 -3.29585752e-08
5.60000000e+01 -1.07215653e-15 -4.38298877e-10 -3.24651941e-08
5.70000000e+01 -1.08533893e-15 -4.33145273e-10 -3.19718130e-08
5.80000000e+01 -1.09852132e-15 -4.27991668e-10 -3.14784318e-08
5.90000000e+01 -1.11170372e-15 -4.22838063e-10 -3.09850507e-08
6.00000000e+01 -1.12488612e-15 -4.17684458e-10 -3.04916696e-08
6.10000000e+01 -1.07941591e-15 -4.13550835e-10 -3.01145093e-08
6.20000000e+01 -1.03394571e-15 -4.09417212e-10 -2.97373491e-08
6.30000000e+01 -9.88475502e-16 -4.05283589e-10 -2.93601888e-08
6.40000000e+01 -9.43005297e-16 -4.01149966e-10 -2.89830286e-08
6.50000000e+01 -8.97535091e-16 -3.97016342e-10 -2.86058683e-08
6.60000000e+01 -8.52064886e-16 -3.92882719e-10 -2.82287081e-08
6.70000000e+01 -8.06594680e-16 -3.88749096e-10 -2.78515478e-08
6.80000000e+01 -7.61124474e-16 -3.84615473e-10 -2.74743875e-08
6.90000000e+01 -7.15654269e-16 -3.80481849e-10 -2.70972273e-08
7.00000000e+01 -6.70184063e-16 -3.76348226e-10 -2.67200670e-08
7.10000000e+01 -6.24713857e-16 -3.72214603e-10 -2.63429068e-08
7.20000000e+01 -5.79243652e-16 -3.68080980e-10 -2.59657465e-08
7.30000000e+01 -5.33773446e-16 -3.63947356e-10 -2.55885863e-08
7.40000000e+01 -4.88303240e-16 -3.59813733e-10 -2.52114260e-08
7.50000000e+01 -4.42833035e-16 -3.55680110e-10 -2.48342658e-08
7.60000000e+01 -3.97362829e-16 -3.51546487e-10 -2.44571055e-08
7.70000000e+01 -3.51892623e-16 -3.47412863e-10 -2.40799452e-08
7.80000000e+01 -3.06422418e-16 -3.43279240e-10 -2.37027850e-08
7.90000000e+01 -2.60952212e-16 -3.39145617e-10 -2.33256247e-08
8.00000000e+01 -2.15482007e-16 -3.35011994e-10 -2.29484645e-08
8.10000000e+01 -2.32835360e-16 -3.31696404e-10 -2.26608751e-08
8.20000000e+01 -2.50188713e-16 -3.28380814e-10 -2.23732857e-08
8.30000000e+01 -2.67542066e-16 -3.25065224e-10 -2.20856962e-08
8.40000000e+01 -2.84895419e-16 -3.21749634e-10 -2.17981068e-08
8.50000000e+01 -3.02248773e-16 -3.18434045e-10 -2.15105174e-08
8.60000000e+01 -3.19602126e-16 -3.15118455e-10 -2.12229280e-08
8.70000000e+01 -3.36955479e-16 -3.11802865e-10 -2.09353386e-08
8.80000000e+01 -3.54308832e-16 -3.08487275e-10 -2.06477492e-08
8.90000000e+01 -3.71662186e-16 -3.05171685e-10 -2.03601598e-08
9.00000000e+01 -3.89015539e-16 -3.01856095e-10 -2.00725704e-08
9.10000000e+01 -4.06368892e-16 -2.98540506e-10 -1.97849810e-08
9.20000000e+01 -4.23722245e-16 -2.95224916e-10 -1.94973916e-08
9.30000000e+01 -4.41075599e-16 -2.91909326e-10 -1.92098022e-08
9.40000000e+01 -4.58428952e-16 -2.88593736e-10 -1.89222127e-08
9.50000000e+01 -4.75782305e-16 -2.85278146e-10 -1.86346233e-08
9.60000000e+01 -4.93135658e-16 -2.81962556e-10 -1.83470339e-08
9.70000000e+01 -5.10489012e-16 -2.78646967e-10 -1.80594445e-08
9.80000000e+01 -5.27842365e-16 -2.75331377e-10 -1.77718551e-08
9.90000000e+01 -5.45195718e-16 -2.72015787e-10 -1.74842657e-08
1.00000000e+02 -5.62549071e-16 -2.68700197e-10 -1.71966763e-08
1.01000000e+02 -5.26204182e-16 -2.66040860e-10 -1.69779908e-08
1.02000000e+02 -4.89859292e-16 -2.63381523e-10 -1.67593052e-08
1.03000000e+02 -4.53514403e-16 -2.60722186e-10 -1.65406197e-08
1.04000000e+02 -4.17169514e-16 -2.58062850e-10 -1.63219342e-08
1.05000000e+02 -3.80824624e-16 -2.55403513e-10 -1.61032487e-08
1.06000000e+02 -3.44479735e-16 -2.52744176e-10 -1.58845631e-08
1.07000000e+02 -3.08134845e-16 -2.50084839e-10 -1.56658776e-08
1.08000000e+02 -2.71789956e-16 -2.47425502e-10 -1.54471921e-08
1.09000000e+02 -2.35445067e-16 -2.44766165e-10 -1.52285066e-08
1.10000000e+02 -1.99100177e-16 -2.42106828e-10 -1.50098210e-08
1.11000000e+02 -1.62755288e-16 -2.39447491e-10 -1.47911355e-08
1.12000000e+02 -1.26410399e-16 -2.36788155e-10 -1.45724500e-08
1.13000000e+02 -9.00655091e-17 -2.34128818e-10 -1.43537645e-08
1.14000000e+02 -5.37206197e-17 -2.31469481e-10 -1.41350789e-08
1.15000000e+02 -1.73757303e-17 -2.28810144e-10 -1.39163934e-08
1.16000000e+02 1.89691590e-17 -2.26150807e-10 -1.36977079e-08
1.17000000e+02 5.53140484e-17 -2.23491470e-10 -1.34790224e-08
1.18000000e+02 9.16589378e-17 -2.20832133e-10 -1.32603368e-08
1.19000000e+02 1.28003827e-16 -2.18172796e-10 -1.30416513e-08
1.20000000e+02 1.64348717e-16 -2.15513460e-10 -1.28229658e-08
1.21000000e+02 1.40413665e-16 -2.13380516e-10 -1.26571814e-08
1.22000000e+02 1.16478613e-16 -2.11247572e-10 -1.24913971e-08
1.23000000e+02 9.25435605e-17 -2.09114629e-10 -1.23256127e-08
1.24000000e+02 6.86085085e-17 -2.06981685e-10 -1.21598283e-08
1.25000000e+02 4.46734565e-17 -2.04848741e-10 -1.19940439e-08
1.26000000e+02 2.07384044e-17 -2.02715798e-10 -1.18282596e-08
1.27000000e+02 -3.19664758e-18 -2.00582854e-10 -1.16624752e-08
1.28000000e+02 -2.71316996e-17 -1.98449910e-10 -1.14966908e-08
1.29000000e+02 -5.10667516e-17 -1.96316967e-10 -1.13309065e-08
1.30000000e+02 -7.50018037e-17 -1.94184023e-10 -1.11651221e-08
1.31000000e+02 -9.89368557e-17 -1.92051079e-10 -1.09993377e-08
1.32000000e+02 -1.22871908e-16 -1.89918136e-10 -1.08335534e-08
1.33000000e+02 -1.46806960e-16 -1.87785192e-10 -1.06677690e-08
1.34000000e+02 -1.70742012e-16 -1.85652248e-10 -1.05019846e-08
1.35000000e+02 -1.94677064e-16 -1.83519305e-10 -1.03362002e-08
1.36000000e+02 -2.18612116e-16 -1.81386361e-10 -1.01704159e-08
1.37000000e+02 -2.42547168e-16 -1.79253417e-10 -1.00046315e-08
1.38000000e+02 -2.66482220e-16 -1.77120474e-10 -9.83884713e-09
1.39000000e+02 -2.90417272e-16 -1.74987530e-10 -9.67306276e-09
1.40000000e+02 -3.14352324e-16 -1.72854586e-10 -9.50727839e-09
1.41000000e+02 -3.64282562e-16 -1.71143747e-10 -9.38202299e-09
1.42000000e+02 -4.14212799e-16 -1.69432907e-10 -9.25676759e-09
1.43000000e+02 -4.64143037e-16 -1.67722067e-10 -9.13151219e-09
1.44000000e+02 -5.14073275e-16 -1.66011227e-10 -9.00625679e-09
1.45000000e+02 -5.64003513e-16 -1.64300387e-10 -8.88100139e-09
1.46000000e+02 -6.13933750e-16 -1.62589548e-10 -8.75574599e-09
1.47000000e+02 -6.63863988e-16 -1.60878708e-10 -8.63049059e-09
1.48000000e+02 -7.13794226e-16 -1.59167868e-10 -8.50523519e-09
1.49000000e+02 -7.63724464e-16 -1.57457028e-10 -8.37997979e-09
1.50000000e+02 -8.13654701e-16 -1.55746188e-10 -8.25472439e-09
1.51000000e+02 -8.63584939e-16 -1.54035349e-10 -8.12946899e-09
1.52000000e+02 -9.13515177e-16 -1.52324509e-10 -8.00421359e-09
1.53000000e+02 -9.63445414e-16 -1.50613669e-10 -7.87895819e-09
1.54000000e+02 -1.01337565e-15 -1.48902829e-10 -7.75370279e-09
1.55000000e+02 -1.06330589e-15 -1.47191989e-10 -7.62844739e-09
1.56000000e+02 -1.11323613e-15 -1.45481150e-10 -7.50319199e-09
1.57000000e+02 -1.16316637e-15 -1.43770310e-10 -7.37793659e-09
1.58000000e+02 -1.21309660e-15 -1.42059470e-10 -7.25268119e-09
1.59000000e+02 -1.26302684e-15 -1.40348630e-10 -7.12742578e-09
1.60000000e+02 -1.31295708e-15 -1.38637790e-10 -7.00217038e-09
1.61000000e+02 -1.25473249e-15 -1.37265692e-10 -6.90789481e-09
1.62000000e+02 -1.19650790e-15 -1.35893594e-10 -6.81361923e-09
1.63000000e+02 -1.13828332e-15 -1.34521496e-10 -6.71934366e-09
1.64000000e+02 -1.08005873e-15 -1.33149397e-10 -6.62506808e-09
1.65000000e+02 -1.02183414e-15 -1.31777299e-10 -6.53079251e-09
1.66000000e+02 -9.63609557e-16 -1.30405201e-10 -6.43651693e-09
1.67000000e+02 -9.05384971e-16 -1.29033103e-10 -6.34224136e-09
1.68000000e+02 -8.47160384e-16 -1.27661004e-10 -6.24796578e-09
1.69000000e+02 -7.88935797e-16 -1.26288906e-10 -6.15369021e-09
1.70000000e+02 -7.30711210e-16 -1.24916808e-10 -6.05941463e-09
1.71000000e+02 -6.72486623e-16 -1.23544709e-10 -5.96513906e-09
1.72000000e+02 -6.14262036e-16 -1.22172611e-10 -5.87086348e-09
1.73000000e+02 -5.56037449e-16 -1.20800513e-10 -5.77658791e-09
1.74000000e+02 -4.97812862e-16 -1.19428415e-10 -5.68231233e-09
1.75000000e+02 -4.39588276e-16 -1.18056316e-10 -5.58803676e-09
1.76000000e+02 -3.81363689e-16 -1.16684218e-10 -5.49376118e-09
1.77000000e+02 -3.23139102e-16 -1.15312120e-10 -5.39948561e-09
1.78000000e+02 -2.64914515e-16 -1.13940022e-10 -5.30521003e-09
1.79000000e+02 -2.06689928e-16 -1.12567923e-10 -5.21093446e-09
1.80000000e+02 -1.48465341e-16 -1.11195825e-10 -5.11665888e-09
1.81000000e+02 -1.70783311e-16 -1.10095340e-10 -5.04600492e-09
1.82000000e+02 -1.93101282e-16 -1.08994855e-10 -4.97535096e-09
1.83000000e+02 -2.15419252e-16 -1.07894370e-10 -4.90469700e-09
1.84000000e+02 -2.37737222e-16 -1.06793886e-10 -4.83404303e-09
1.85000000e+02 -2.60055192e-16 -1.05693401e-10 -4.76338907e-09
1.86000000e+02 -2.82373162e-16 -1.04592916e-10 -4.69273511e-09
1.87000000e+02 -3.04691132e-16 -1.03492431e-10 -4.62208115e-09
1.88000000e+02 -3.27009103e-16 -1.02391946e-10 -4.55142719e-09
1.89000000e+02 -3.49327073e-16 -1.01291461e-10 -4.48077323e-09
1.90000000e+02 -3.71645043e-16 -1.00190977e-10 -4.41011926e-09
1.91000000e+02 -3.93963013e-16 -9.90904917e-11 -4.33946530e-09
1.92000000e+02 -4.16280983e-16 -9.79900068e-11 -4.26881134e-09
1.93000000e+02 -4.38598954e-16 -9.68895220e-11 -4.19815738e-09
1.94000000e+02 -4.60916924e-16 -9.57890371e-11 -4.12750342e-09
1.95000000e+02 -4.83234894e-16 -9.46885523e-11 -4.05684946e-09
1.96000000e+02 -5.05552864e-16 -9.35880674e-11 -3.98619549e-09
1.97000000e+02 -5.27870834e-16 -9.24875826e-11 -3.91554153e-09
1.98000000e+02 -5.50188804e-16 -9.13870977e-11 -3.84488757e-09
1.99000000e+02 -5.72506775e-16 -9.02866129e-11 -3.77423361e-09
2.00000000e+02 -5.94824745e-16 -8.91861280e-11 -3.70357965e-09
2.01000000e+02 -5.70886160e-16 -8.83033798e-11 -3.65088760e-09
2.02000000e+02 -5.46947575e-16 -8.74206316e-11 -3.59819555e-09
2.03000000e+02 -5.23008991e-16 -8.65378834e-11 -3.54550350e-09
2.04000000e+02 -4.99070406e-16 -8.56551351e-11 -3.49281146e-09
2.05000000e+02 -4.75131821e-16 -8.47723869e-11 -3.44011941e-09
2.06000000e+02 -4.51193236e-16 -8.38896387e-11 -3.38742736e-09
2.07000000e+02 -4.27254652e-16 -8.30068905e-11 -3.33473531e-09
2.08000000e+02 -4.03316067e-16 -8.21241423e-11 -3.28204327e-09
2.09000000e+02 -3.79377482e-16 -8.12413941e-11 -3.22935122e-09
2.10000000e+02 -3.55438897e-16 -8.03586458e-11 -3.17665917e-09
2.11000000e+02 -3.31500312e-16 -7.94758976e-11 -3.12396713e-09
2.12000000e+02 -3.07561728e-16 -7.85931494e-11 -3.07127508e-09
2.13000000e+02 -2.83623143e-16 -7.77104012e-11 -3.01858303e-09
2.14000000e+02 -2.59684558e-16 -7.68276530e-11 -2.96589098e-09
2.15000000e+02 -2.35745973e-16 -7.59449048e-11 -2.91319894e-09
2.16000000e+02 -2.11807389e-16 -7.50621565e-11 -2.86050689e-09
2.17000000e+02 -1.87868804e-16 -7.41794083e-11 -2.80781484e-09
2.18000000e+02 -1.63930219e-16 -7.32966601e-11 -2.75512279e-09
2.19000000e+02 -1.39991634e-16 -7.24139119e-11 -2.70243075e-09
2.20000000e+02 -1.16053050e-16 -7.15311637e-11 -2.64973870e-09
2.21000000e+02 -1.33326439e-16 -7.08232291e-11 -2.61066386e-09
2.22000000e+02 -1.50599829e-16 -7.01152945e-11 -2.57158902e-09
2.23000000e+02 -1.67873219e-16 -6.94073599e-11 -2.53251418e-09
2.24000000e+02 -1.85146608e-16 -6.86994253e-11 -2.49343934e-09
2.25000000e+02 -2.02419998e-16 -6.79914907e-11 -2.45436450e-09
2.26000000e+02 -2.19693388e-16 -6.72835561e-11 -2.41528966e-09
2.27000000e+02 -2.36966777e-16 -6.65756215e-11 -2.37621482e-09
2.28000000e+02 -2.54240167e-16 -6.58676869e-11 -2.33713998e-09
2.29000000e+02 -2.71513557e-16 -6.51597523e-11 -2.29806514e-09
2.30000000e+02 -2.88786947e-16 -6.44518177e-11 -2.25899029e-09
2.31000000e+02 -3.06060336e-16 -6.37438831e-11 -2.21991545e-09
2.32000000e+02 -3.23333726e-16 -6.30359485e-11 -2.18084061e-09
2.33000000e+02 -3.40607116e-16 -6.23280139e-11 -2.14176577e-09
2.34000000e+02 -3.57880505e-16 -6.16200793e-11 -2.10269093e-09
2.35000000e+02 -3.75153895e-16 -6.09121447e-11 -2.06361609e-09
2.36000000e+02 -3.92427285e-16 -6.02042101e-11 -2.02454125e-09
2.37000000e+02 -4.09700674e-16 -5.94962755e-11 -1.98546641e-09
2.38000000e+02 -4.26974064e-16 -5.87883409e-11 -1.94639157e-09
2.39000000e+02 -4.44247454e-16 -5.80804063e-11 -1.90731673e-09
2.40000000e+02 -4.61520844e-16 -5.73724717e-11 -1.86824189e-09
2.41000000e+02 -4.35952284e-16 -5.68046774e-11 -1.83945577e-09
2.42000000e+02 -4.10383724e-16 -5.62368831e-11 -1.81066965e-09
2.43000000e+02 -3.84815164e-16 -5.56690888e-11 -1.78188353e-09
2.44000000e+02 -3.59246605e-16 -5.51012944e-11 -1.75309741e-09
2.45000000e+02 -3.33678045e-16 -5.45335001e-11 -1.72431130e-09
2.46000000e+02 -3.08109485e-16 -5.39657058e-11 -1.69552518e-09
2.47000000e+02 -2.82540926e-16 -5.33979114e-11 -1.66673906e-09
2.48000000e+02 -2.56972366e-16 -5.28301171e-11 -1.63795294e-09
2.49000000e+02 -2.31403806e-16 -5.22623228e-11 -1.60916682e-09
2.50000000e+02 -2.05835246e-16 -5.16945284e-11 -1.58038070e-09
2.51000000e+02 -1.80266687e-16 -5.11267341e-11 -1.55159458e-09
2.52000000e+02 -1.54698127e-16 -5.05589398e-11 -1.52280846e-09
2.53000000e+02 -1.29129567e-16 -4.99911455e-11 -1.49402234e-09
2.54000000e+02 -1.03561008e-16 -4.94233511e-11 -1.46523622e-09
2.55000000e+02 -7.79924480e-17 -4.88555568e-11 -1.43645011e-09
2.56000000e+02 -5.24238883e-17 -4.82877625e-11 -1.40766399e-09
2.57000000e+02 -2.68553285e-17 -4.77199681e-11 -1.37887787e-09
2.58000000e+02 -1.28676884e-18 -4.71521738e-11 -1.35009175e-09
2.59000000e+02 2.42817909e-17 -4.65843795e-11 -1.32130563e-09
2.60000000e+02 4.98503506e-17 -4.60165851e-11 -1.29251951e-09
2.61000000e+02 2.63138229e-17 -4.55610796e-11 -1.27147812e-09
2.62000000e+02 2.77729524e-18 -4.51055741e-11 -1.25043674e-09
2.63000000e+02 -2.07592324e-17 -4.46500686e-11 -1.22939535e-09
2.64000000e+02 -4.42957601e-17 -4.41945631e-11 -1.20835397e-09
2.65000000e+02 -6.78322878e-17 -4.37390575e-11 -1.18731258e-09
2.66000000e+02 -9.13688154e-17 -4.32835520e-11 -1.16627120e-09
2.67000000e+02 -1.14905343e-16 -4.28280465e-11 -1.14522981e-09
2.68000000e+02 -1.38441871e-16 -4.23725410e-11 -1.12418842e-09
2.69000000e+02 -1.61978398e-16 -4.19170355e-11 -1.10314704e-09
2.70000000e+02 -1.85514926e-16 -4.14615299e-11 -1.08210565e-09
2.71000000e+02 -2.09051454e-16 -4.10060244e-11 -1.06106427e-09
2.72000000e+02 -2.32587981e-16 -4.05505189e-11 -1.04002288e-09
2.73000000e+02 -2.56124509e-16 -4.00950134e-11 -1.01898149e-09
2.74000000e+02 -2.79661037e-16 -3.96395079e-11 -9.97940109e-10
2.75000000e+02 -3.03197564e-16 -3.91840023e-11 -9.76898723e-10
2.76000000e+02 -3.26734092e-16 -3.87284968e-11 -9.55857337e-10
2.77000000e+02 -3.50270620e-16 -3.82729913e-11 -9.34815951e-10
2.78000000e+02 -3.73807147e-16 -3.78174858e-11 -9.13774566e-10
2.79000000e+02 -3.97343675e-16 -3.73619803e-11 -8.92733180e-10
2.80000000e+02 -5.57894577e-16 -3.69067813e-11 -8.71691630e-10
2.81000000e+02 -2.46823154e-03 -5.52232149e-03 2.94962220e-03
2.82000000e+02 -4.93646307e-03 -1.10446429e-02 5.89924528e-03
2.83000000e+02 -7.40469461e-03 -1.65669644e-02 8.84886836e-03
2.84000000e+02 -9.87292615e-03 -2.20892858e-02 1.17984914e-02
2.85000000e+02 -1.23411577e-02 -2.76116073e-02 1.47481145e-02
2.86000000e+02 -1.48093892e-02 -3.31339287e-02 1.76977376e-02
2.87000000e+02 -1.72776208e-02 -3.86562502e-02 2.06473607e-02
2.88000000e+02 -1.97458523e-02 -4.41785716e-02 2.35969837e-02
2.89000000e+02 -2.22140838e-02 -4.97008931e-02 2.65466068e-02
2.90000000e+02 -2.46823154e-02 -5.52232145e-02 2.94962299e-02
2.91000000e+02 -2.71505469e-02 -6.07455360e-02 3.24458530e-02
2.92000000e+02 -2.96187784e-02 -6.62678574e-02 3.53954760e-02
2.93000000e+02 -3.20870100e-02 -7.17901789e-02 3.83450991e-02
2.94000000e+02 -3.45552415e-02 -7.73125003e-02 4.12947222e-02
2.95000000e+02 -3.70234730e-02 -8.28348218e-02 4.42443453e-02
2.96000000e+02 -3.94917046e-02 -8.83571432e-02 4.71939684e-02
2.97000000e+02 -4.19599361e-02 -9.38794647e-02 5.01435914e-02
2.98000000e+02 -4.44281677e-02 -9.94017861e-02 5.30932145e-02
2.99000000e+02 -4.68963992e-02 -1.04924108e-01 5.60428376e-02
3.00000000e+02 -4.93646307e-02 -1.10446429e-01 5.89924607e-02
3.01000000e+02 -5.96573497e-02 -1.37316950e-01 7.21285241e-02
3.02000000e+02 -6.99500687e-02 -1.64187470e-01 8.52645875e-02
3.03000000e+02 -8.02427877e-02 -1.91057991e-01 9.84006510e-02
3.04000000e+02 -9.05355067e-02 -2.17928512e-01 1.11536714e-01
3.05000000e+02 -1.00828226e-01 -2.44799033e-01 1.24672778e-01
3.06000000e+02 -1.11120945e-01 -2.71669553e-01 1.37808841e-01
3.07000000e+02 -1.21413664e-01 -2.98540074e-01 1.50944905e-01
3.08000000e+02 -1.31706383e-01 -3.25410595e-01 1.64080968e-01
3.09000000e+02 -1.41999102e-01 -3.52281116e-01 1.77217032e-01
3.10000000e+02 -1.52291821e-01 -3.79151636e-01 1.90353095e-01
3.11000000e+02 -1.62584540e-01 -4.06022157e-01 2.03489158e-01
3.12000000e+02 -1.72877259e-01 -4.32892678e-01 2.16625222e-01
3.13000000e+02 -1.83169978e-01 -4.59763199e-01 2.29761285e-01
3.14000000e+02 -1.93462697e-01 -4.86633719e-01 2.42897349e-01
3.15000000e+02 -2.03755416e-01 -5.13504240e-01 2.56033412e-01
3.16000000e+02 -2.14048135e-01 -5.40374761e-01 2.69169476e-01
3.17000000e+02 -2.24340854e-01 -5.67245282e-01 2.82305539e-01
3.18000000e+02 -2.34633573e-01 -5.94115802e-01 2.95441603e-01
3.19000000e+02 -2.44926292e-01 -6.20986323e-01 3.08577666e-01
3.20000000e+02 -2.55219011e-01 -6.47856844e-01 3.21713729e-01
3.21000000e+02 -2.55748146e-01 -6.63701528e-01 3.26291772e-01
3.22000000e+02 -2.56277281e-01 -6.79546212e-01 3.30869814e-01
3.23000000e+02 -2.56806417e-01 -6.95390896e-01 3.35447856e-01
3.24000000e+02 -2.57335552e-01 -7.11235581e-01 3.40025898e-01
3.25000000e+02 -2.57864688e-01 -7.27080265e-01 3.44603940e-01
3.26000000e+02 -2.58393823e-01 -7.42924949e-01 3.49181983e-01
3.27000000e+02 -2.58922959e-01 -7.58769633e-01 3.53760025e-01
3.28000000e+02 -2.59452094e-01 -7.74614317e-01 3.58338067e-01
3.29000000e+02 -2.59981230e-01 -7.90459001e-01 3.62916109e-01
3.30000000e+02 -2.60510365e-01 -8.06303686e-01 3.67494151e-01
3.31000000e+02 -2.61039501e-01 -8.22148370e-01 3.72072194e-01
3.32000000e+02 -2.61568636e-01 -8.37993054e-01 3.76650236e-01
3.33000000e+02 -2.62097771e-01 -8.53837738e-01 3.81228278e-01
3.34000000e+02 -2.62626907e-01 -8.69682422e-01 3.85806320e-01
3.35000000e+02 -2.63156042e-01 -8.85527106e-01 3.90384362e-01
3.36000000e+02 -2.63685178e-01 -9.01371791e-01 3.94962405e-01
3.37000000e+02 -2.64214313e-01 -9.17216475e-01 3.99540447e-01
3.38000000e+02 -2.64743449e-01 -9.33061159e-01 4.04118489e-01
3.39000000e+02 -2.65272584e-01 -9.48905843e-01 4.08696531e-01
3.40000000e+02 -2.65801720e-01 -9.64750527e-01 4.13274573e-01
3.41000000e+02 -2.46696973e-01 -9.53161627e-01 4.05129313e-01
3.42000000e+02 -2.27592227e-01 -9.41572726e-01 3.96984052e-01
3.43000000e+02 -2.08487481e-01 -9.29983825e-01 3.88838792e-01
3.44000000e+02 -1.89382734e-01 -9.18394925e-01 3.80693532e-01
3.45000000e+02 -1.70277988e-01 -9.06806024e-01 3.72548271e-01
3.46000000e+02 -1.51173241e-01 -8.95217123e-01 3.64403011e-01
3.47000000e+02 -1.32068495e-01 -8.83628223e-01 3.56257750e-01
3.48000000e+02 -1.12963749e-01 -8.72039322e-01 3.48112490e-01
3.49000000e+02 -9.38590021e-02 -8.60450421e-01 3.39967229e-01
3.50000000e+02 -7.47542557e-02 -8.48861520e-01 3.31821969e-01
3.51000000e+02 -5.56495093e-02 -8.37272620e-01 3.23676708e-01
3.52000000e+02 -3.65447629e-02 -8.25683719e-01 3.15531448e-01
3.53000000e+02 -1.74400165e-02 -8.14094818e-01 3.07386187e-01
3.54000000e+02 1.66472987e-03 -8.02505918e-01 2.99240927e-01
3.55000000e+02 2.07694763e-02 -7.90917017e-01 2.91095666e-01
3.56000000e+02 3.98742227e-02 -7.79328116e-01 2.82950406e-01
3.57000000e+02 5.89789691e-02 -7.67739216e-01 2.74805146e-01
3.58000000e+02 7.80837155e-02 -7.56150315e-01 2.66659885e-01
3.59000000e+02 9.71884618e-02 -7.44561414e-01 2.58514625e-01
3.60000000e+02 1.16293208e-01 -7.32972514e-01 2.50369364e-01
3.61000000e+02 1.51487618e-01 -7.01792722e-01 2.36012249e-01
3.62000000e+02 1.86682028e-01 -6.70612931e-01 2.21655134e-01
3.63000000e+02 2.21876439e-01 -6.39433140e-01 2.07298019e-01
3.64000000e+02 2.57070849e-01 -6.08253349e-01 1.92940904e-01
3.65000000e+02 2.92265259e-01 -5.77073558e-01 1.78583789e-01
3.66000000e+02 3.27459669e-01 -5.45893766e-01 1.64226674e-01
3.67000000e+02 3.62654079e-01 -5.14713975e-01 1.49869559e-01
3.68000000e+02 3.97848489e-01 -4.83534184e-01 1.35512444e-01
3.69000000e+02 4.33042899e-01 -4.52354393e-01 1.21155328e-01
3.70000000e+02 4.68237309e-01 -4.21174602e-01 1.06798213e-01
3.71000000e+02 5.03431719e-01 -3.89994811e-01 9.24410983e-02
3.72000000e+02 5.38626129e-01 -3.58815019e-01 7.80839832e-02
3.73000000e+02 5.73820540e-01 -3.27635228e-01 6.37268681e-02
3.74000000e+02 6.09014950e-01 -2.96455437e-01 4.93697531e-02
3.75000000e+02 6.44209360e-01 -2.65275646e-01 3.50126380e-02
3.76000000e+02 6.79403770e-01 -2.34095855e-01 2.06555229e-02
3.77000000e+02 7.14598180e-01 -2.02916063e-01 6.29840783e-03
3.78000000e+02 7.49792590e-01 -1.71736272e-01 -8.05870725e-03
3.79000000e+02 7.84987000e-01 -1.40556481e-01 -2.24158223e-02
3.80000000e+02 8.20181410e-01 -1.09376690e-01 -3.67729374e-02
3.81000000e+02 8.55692282e-01 -7.84252792e-02 -5.33996289e-02
3.82000000e+02 8.91203153e-01 -4.74738686e-02 -7.00263204e-02
3.83000000e+02 9.26714025e-01 -1.65224579e-02 -8.66530119e-02
3.84000000e+02 9.62224896e-01 1.44289527e-02 -1.03279703e-01
3.85000000e+02 9.97735768e-01 4.53803633e-02 -1.19906395e-01
3.86000000e+02 1.03324664e+00 7.63317740e-02 -1.36533086e-01
3.87000000e+02 1.06875751e+00 1.07283185e-01 -1.53159778e-01
3.88000000e+02 1.10426838e+00 1.38234595e-01 -1.69786469e-01
3.89000000e+02 1.13977925e+00 1.69186006e-01 -1.86413161e-01
3.90000000e+02 1.17529013e+00 2.00137417e-01 -2.03039852e-01
3.91000000e+02 1.21080100e+00 2.31088827e-01 -2.19666544e-01
3.92000000e+02 1.24631187e+00 2.62040238e-01 -2.36293235e-01
3.93000000e+02 1.28182274e+00 2.92991648e-01 -2.52919927e-01
3.94000000e+02 1.31733361e+00 3.23943059e-01 -2.69546618e-01
3.95000000e+02 1.35284448e+00 3.54894470e-01 -2.86173310e-01
3.96000000e+02 1.38835535e+00 3.85845880e-01 -3.02800001e-01
3.97000000e+02 1.42386623e+00 4.16797291e-01 -3.19426693e-01
3.98000000e+02 1.45937710e+00 4.47748702e-01 -3.36053385e-01
3.99000000e+02 1.49488797e+00 4.78700112e-01 -3.52680076e-01
4.00000000e+02 1.53039884e+00 5.09651523e-01 -3.69306768e-01
4.01000000e+02 1.54769803e+00 5.26684740e-01 -3.84694364e-01
4.02000000e+02 1.56499723e+00 5.43717956e-01 -4.00081961e-01
4.03000000e+02 1.58229642e+00 5.60751173e-01 -4.15469558e-01
4.04000000e+02 1.59959562e+00 5.77784390e-01 -4.30857155e-01
4.05000000e+02 1.61689481e+00 5.94817606e-01 -4.46244751e-01
4.06000000e+02 1.63419400e+00 6.11850823e-01 -4.61632348e-01
4.07000000e+02 1.65149320e+00 6.28884040e-01 -4.77019945e-01
4.08000000e+02 1.66879239e+00 6.45917256e-01 -4.92407542e-01
4.09000000e+02 1.68609159e+00 6.62950473e-01 -5.07795138e-01
4.10000000e+02 1.70339078e+00 6.79983690e-01 -5.23182735e-01
4.11000000e+02 1.72068997e+00 6.97016906e-01 -5.38570332e-01
4.12000000e+02 1.73798917e+00 7.14050123e-01 -5.53957929e-01
4.13000000e+02 1.75528836e+00 7.31083340e-01 -5.69345526e-01
4.14000000e+02 1.77258755e+00 7.48116556e-01 -5.84733122e-01
4.15000000e+02 1.78988675e+00 7.65149773e-01 -6.00120719e-01
4.16000000e+02 1.80718594e+00 7.82182990e-01 -6.15508316e-01
4.17000000e+02 1.82448514e+00 7.99216206e-01 -6.30895913e-01
4.18000000e+02 1.84178433e+00 8.16249423e-01 -6.46283509e-01
4.19000000e+02 1.85908352e+00 8.33282640e-01 -6.61671106e-01
4.20000000e+02 1.87638272e+00 8.50315856e-01 -6.77058703e-01
4.21000000e+02 1.86488231e+00 8.49707367e-01 -6.82409494e-01
4.22000000e+02 1.85338189e+00 8.49098879e-01 -6.87760286e-01
4.23000000e+02 1.84188148e+00 8.48490390e-01 -6.93111077e-01
4.24000000e+02 1.83038107e+00 8.47881901e-01 -6.98461869e-01
4.25000000e+02 1.81888066e+00 8.47273412e-01 -7.03812660e-01
4.26000000e+02 1.80738025e+00 8.46664923e-01 -7.09163451e-01
4.27000000e+02 1.79587983e+00 8.46056434e-01 -7.14514243e-01
4.28000000e+02 1.78437942e+00 8.45447946e-01 -7.19865034e-01
4.29000000e+02 1.77287901e+00 8.44839457e-01 -7.25215826e-01
4.30000000e+02 1.76137860e+00 8.44230968e-01 -7.30566617e-01
4.31000000e+02 1.74987819e+00 8.43622479e-01 -7.35917408e-01
4.32000000e+02 1.73837777e+00 8.43013990e-01 -7.41268200e-01
4.33000000e+02 1.72687736e+00 8.42405501e-01 -7.46618991e-01
4.34000000e+02 1.71537695e+00 8.41797013e-01 -7.51969783e-01
4.35000000e+02 1.70387654e+00 8.41188524e-01 -7.57320574e-01
4.36000000e+02 1.69237613e+00 8.40580035e-01 -7.62671365e-01
4.37000000e+02 1.68087571e+00 8.39971546e-01 -7.68022157e-01
4.38000000e+02 1.66937530e+00 8.39363057e-01 -7.73372948e-01
4.39000000e+02 1.65787489e+00 8.38754568e-01 -7.78723740e-01
4.40000000e+02 1.64637448e+00 8.38146080e-01 -7.84074531e-01
4.41000000e+02 1.60926723e+00 8.21993343e-01 -7.71378677e-01
4.42000000e+02 1.57215998e+00 8.05840606e-01 -7.58682823e-01
4.43000000e+02 1.53505273e+00 7.89687869e-01 -7.45986968e-01
4.44000000e+02 1.49794547e+00 7.73535133e-01 -7.33291114e-01
4.45000000e+02 1.46083822e+00 7.57382396e-01 -7.20595260e-01
4.46000000e+02 1.42373097e+00 7.41229659e-01 -7.07899406e-01
4.47000000e+02 1.38662372e+00 7.25076922e-01 -6.95203552e-01
4.48000000e+02 1.34951647e+00 7.08924186e-01 -6.82507698e-01
4.49000000e+02 1.31240922e+00 6.92771449e-01 -6.69811844e-01
4.50000000e+02 1.27530197e+00 6.76618712e-01 -6.57115990e-01
4.51000000e+02 1.23819472e+00 6.60465975e-01 -6.44420135e-01
4.52000000e+02 1.20108747e+00 6.44313239e-01 -6.31724281e-01
4.53000000e+02 1.16398022e+00 6.28160502e-01 -6.19028427e-01
4.54000000e+02 1.12687296e+00 6.12007765e-01 -6.06332573e-01
4.55000000e+02 1.08976571e+00 5.95855028e-01 -5.93636719e-01
4.56000000e+02 1.05265846e+00 5.79702292e-01 -5.80940865e-01
4.57000000e+02 1.01555121e+00 5.63549555e-01 -5.68245011e-01
4.58000000e+02 9.78443960e-01 5.47396818e-01 -5.55549156e-01
4.59000000e+02 9.41336709e-01 5.31244081e-01 -5.42853302e-01
4.60000000e+02 9.04229458e-01 5.15091345e-01 -5.30157448e-01
4.61000000e+02 8.63547242e-01 4.93770937e-01 -5.08111793e-01
4.62000000e+02 8.22865026e-01 4.72450529e-01 -4.86066138e-01
4.63000000e+02 7.82182810e-01 4.51130120e-01 -4.64020483e-01
4.64000000e+02 7.41500594e-01 4.29809712e-01 -4.41974827e-01
4.65000000e+02 7.00818378e-01 4.08489304e-01 -4.19929172e-01
4.66000000e+02 6.60136162e-01 3.87168896e-01 -3.97883517e-01
4.67000000e+02 6.19453946e-01 3.65848488e-01 -3.75837862e-01
4.68000000e+02 5.78771730e-01 3.44528080e-01 -3.53792207e-01
4.69000000e+02 5.38089514e-01 3.23207672e-01 -3.31746551e-01
4.70000000e+02 4.97407298e-01 3.01887264e-01 -3.09700896e-01
4.71000000e+02 4.56725082e-01 2.80566856e-01 -2.87655241e-01
4.72000000e+02 4.16042866e-01 2.59246448e-01 -2.65609586e-01
4.73000000e+02 3.75360650e-01 2.37926040e-01 -2.43563931e-01
4.74000000e+02 3.34678434e-01 2.16605632e-01 -2.21518276e-01
4.75000000e+02 2.93996218e-01 1.95285224e-01 -1.99472620e-01
4.76000000e+02 2.53314003e-01 1.73964816e-01 -1.77426965e-01
4.77000000e+02 2.12631787e-01 1.52644408e-01 -1.55381310e-01
4.78000000e+02 1.71949571e-01 1.31324000e-01 -1.33335655e-01
4.79000000e+02 1.31267355e-01 1.10003592e-01 -1.11290000e-01
4.80000000e+02 9.05851388e-02 8.86831840e-02 -8.92443444e-02
4.81000000e+02 8.25962476e-02 8.39345546e-02 -8.42335094e-02
4.82000000e+02 7.46073565e-02 7.91859252e-02 -7.92226745e-02
4.83000000e+02 6.66184653e-02 7.44372959e-02 -7.42118395e-02
4.84000000e+02 5.86295741e-02 6.96886665e-02 -6.92010046e-02
4.85000000e+02 5.06406830e-02 6.49400372e-02 -6.41901697e-02
4.86000000e+02 4.26517918e-02 6.01914078e-02 -5.91793347e-02
4.87000000e+02 3.46629007e-02 5.54427784e-02 -5.41684998e-02
4.88000000e+02 2.66740095e-02 5.06941491e-02 -4.91576648e-02
4.89000000e+02 1.86851184e-02 4.59455197e-02 -4.41468299e-02
4.90000000e+02 1.06962272e-02 4.11968904e-02 -3.91359949e-02
4.91000000e+02 2.70733603e-03 3.64482610e-02 -3.41251600e-02
4.92000000e+02 -5.28155512e-03 3.16996316e-02 -2.91143250e-02
4.93000000e+02 -1.32704463e-02 2.69510023e-02 -2.41034901e-02
4.94000000e+02 -2.12593374e-02 2.22023729e-02 -1.90926551e-02
4.95000000e+02 -2.92482286e-02 1.74537436e-02 -1.40818202e-02
4.96000000e+02 -3.72371198e-02 1.27051142e-02 -9.07098521e-03
4.97000000e+02 -4.52260109e-02 7.95648485e-03 -4.06015026e-03
4.98000000e+02 -5.32149021e-02 3.20785549e-03 9.50684690e-04
4.99000000e+02 -6.12037932e-02 -1.54077387e-03 5.96151964e-03
5.00000000e+02 -6.91926844e-02 -6.28940323e-03 1.09723546e-02
5.01000000e+02 -6.86496394e-02 -6.16979169e-03 1.08555999e-02
5.02000000e+02 -6.81065944e-02 -6.05018015e-03 1.07388453e-02
5.03000000e+02 -6.75635494e-02 -5.93056860e-03 1.06220907e-02
5.04000000e+02 -6.70205043e-02 -5.81095706e-03 1.05053360e-02
5.05000000e+02 -6.64774593e-02 -5.69134551e-03 1.03885814e-02
5.06000000e+02 -6.59344143e-02 -5.57173397e-03 1.02718267e-02
5.07000000e+02 -6.53913693e-02 -5.45212242e-03 1.01550721e-02
5.08000000e+02 -6.48483243e-02 -5.33251088e-03 1.00383175e-02
5.09000000e+02 -6.43052793e-02 -5.21289934e-03 9.92156282e-03
5.10000000e+02 -6.37622343e-02 -5.09328779e-03 9.80480818e-03
5.11000000e+02 -6.32191892e-02 -4.97367625e-03 9.68805354e-03
5.12000000e+02 -6.26761442e-02 -4.85406470e-03 9.57129890e-03
5.13000000e+02 -6.21330992e-02 -4.73445316e-03 9.45454426e-03
5.14000000e+02 -6.15900542e-02 -4.61484161e-03 9.33778962e-03
5.15000000e+02 -6.10470092e-02 -4.49523007e-03 9.22103498e-03
5.16000000e+02 -6.05039642e-02 -4.37561853e-03 9.10428034e-03
5.17000000e+02 -5.99609192e-02 -4.25600698e-03 8.98752570e-03
5.18000000e+02 -5.94178741e-02 -4.13639544e-03 8.87077106e-03
5.19000000e+02 -5.88748291e-02 -4.01678389e-03 8.75401642e-03
5.20000000e+02 -5.83317841e-02 -3.89717235e-03 8.63726178e-03
5.21000000e+02 -5.78922725e-02 -3.80412827e-03 8.54542528e-03
5.22000000e+02 -5.74527608e-02 -3.71108419e-03 8.45358878e-03
5.23000000e+02 -5.70132492e-02 -3.61804011e-03 8.36175228e-03
5.24000000e+02 -5.65737376e-02 -3.52499604e-03 8.26991578e-03
5.25000000e+02 -5.61342259e-02 -3.43195196e-03 8.17807928e-03
5.26000000e+02 -5.56947143e-02 -3.33890788e-03 8.08624277e-03
5.27000000e+02 -5.52552027e-02 -3.24586380e-03 7.99440627e-03
5.28000000e+02 -5.48156910e-02 -3.15281972e-03 7.90256977e-03
5.29000000e+02 -5.43761794e-02 -3.05977564e-03 7.81073327e-03
5.30000000e+02 -5.39366678e-02 -2.96673156e-03 7.71889677e-03
5.31000000e+02 -5.34971561e-02 -2.87368749e-03 7.62706027e-03
5.32000000e+02 -5.30576445e-02 -2.78064341e-03 7.53522377e-03
5.33000000e+02 -5.26181329e-02 -2.68759933e-03 7.44338727e-03
5.34000000e+02 -5.21786212e-02 -2.59455525e-03 7.35155077e-03
5.35000000e+02 -5.17391096e-02 -2.50151117e-03 7.25971427e-03
5.36000000e+02 -5.12995979e-02 -2.40846709e-03 7.16787777e-03
5.37000000e+02 -5.08600863e-02 -2.31542301e-03 7.07604127e-03
5.38000000e+02 -5.04205747e-02 -2.22237894e-03 6.98420477e-03
5.39000000e+02 -4.99810630e-02 -2.12933486e-03 6.89236827e-03
5.40000000e+02 -4.95415514e-02 -2.03629078e-03 6.80053176e-03
5.41000000e+02 -4.91846855e-02 -1.96425155e-03 6.72804061e-03
5.42000000e+02 -4.88278196e-02 -1.89221233e-03 6.65554946e-03
5.43000000e+02 -4.84709538e-02 -1.82017310e-03 6.58305830e-03
5.44000000e+02 -4.81140879e-02 -1.74813388e-03 6.51056715e-03
5.45000000e+02 -4.77572220e-02 -1.67609465e-03 6.43807599e-03
5.46000000e+02 -4.74003561e-02 -1.60405542e-03 6.36558484e-03
5.47000000e+02 -4.70434902e-02 -1.53201620e-03 6.29309368e-03
5.48000000e+02 -4.66866244e-02 -1.45997697e-03 6.22060253e-03
5.49000000e+02 -4.63297585e-02 -1.38793775e-03 6.14811137e-03
5.50000000e+02 -4.59728926e-02 -1.31589852e-03 6.07562022e-03
5.51000000e+02 -4.56160267e-02 -1.24385930e-03 6.00312906e-03
5.52000000e+02 -4.52591608e-02 -1.17182007e-03 5.93063791e-03
5.53000000e+02 -4.49022950e-02 -1.09978085e-03 5.85814676e-03
5.54000000e+02 -4.45454291e-02 -1.02774162e-03 5.78565560e-03
5.55000000e+02 -4.41885632e-02 -9.55702394e-04 5.71316445e-03
5.56000000e+02 -4.38316973e-02 -8.83663169e-04 5.64067329e-03
5.57000000e+02 -4.34748314e-02 -8.11623943e-04 5.56818214e-03
5.58000000e+02 -4.31179656e-02 -7.39584717e-04 5.49569098e-03
5.59000000e+02 -4.27610997e-02 -6.67545492e-04 5.42319983e-03
5.60000000e+02 -4.24042338e-02 -5.95506266e-04 5.35070867e-03
5.61000000e+02 -4.21134565e-02 -5.40092963e-04 5.29332551e-03
5.62000000e+02 -4.18226792e-02 -4.84679660e-04 5.23594234e-03
5.63000000e+02 -4.15319020e-02 -4.29266357e-04 5.17855917e-03
5.64000000e+02 -4.12411247e-02 -3.73853053e-04 5.12117600e-03
5.65000000e+02 -4.09503474e-02 -3.18439750e-04 5.06379283e-03
5.66000000e+02 -4.06595701e-02 -2.63026447e-04 5.00640967e-03
5.67000000e+02 -4.03687929e-02 -2.07613144e-04 4.94902650e-03
5.68000000e+02 -4.00780156e-02 -1.52199841e-04 4.89164333e-03
5.69000000e+02 -3.97872383e-02 -9.67865377e-05 4.83426016e-03
5.70000000e+02 -3.94964611e-02 -4.13732345e-05 4.77687699e-03
5.71000000e+02 -3.92056838e-02 1.40400686e-05 4.71949383e-03
5.72000000e+02 -3.89149065e-02 6.94533718e-05 4.66211066e-03
5.73000000e+02 -3.86241292e-02 1.24866675e-04 4.60472749e-03
5.74000000e+02 -3.83333520e-02 1.80279978e-04 4.54734432e-03
5.75000000e+02 -3.80425747e-02 2.35693281e-04 4.48996115e-03
5.76000000e+02 -3.77517974e-02 2.91106584e-04 4.43257798e-03
5.77000000e+02 -3.74610201e-02 3.46519888e-04 4.37519482e-03
5.78000000e+02 -3.71702429e-02 4.01933191e-04 4.31781165e-03
5.79000000e+02 -3.68794656e-02 4.57346494e-04 4.26042848e-03
5.80000000e+02 -3.65886883e-02 5.12759797e-04 4.20304531e-03
5.81000000e+02 -3.63508464e-02 5.55005286e-04 4.15751979e-03
5.82000000e+02 -3.61130045e-02 5.97250775e-04 4.11199426e-03
5.83000000e+02 -3.58751625e-02 6.39496263e-04 4.06646873e-03
5.84000000e+02 -3.56373206e-02 6.81741752e-04 4.02094321e-03
5.85000000e+02 -3.53994787e-02 7.23987241e-04 3.97541768e-03
5.86000000e+02 -3.51616367e-02 7.66232730e-04 3.92989215e-03
5.87000000e+02 -3.49237948e-02 8.08478219e-04 3.88436663e-03
5.88000000e+02 -3.46859529e-02 8.50723708e-04 3.83884110e-03
5.89000000e+02 -3.44481110e-02 8.92969196e-04 3.79331557e-03
5.90000000e+02 -3.42102690e-02 9.35214685e-04 3.74779005e-03
5.91000000e+02 -3.39724271e-02 9.77460174e-04 3.70226452e-03
5.92000000e+02 -3.37345852e-02 1.01970566e-03 3.65673899e-03
5.93000000e+02 -3.34967432e-02 1.06195115e-03 3.61121347e-03
5.94000000e+02 -3.32589013e-02 1.10419664e-03 3.56568794e-03
5.95000000e+02 -3.30210594e-02 1.14644213e-03 3.52016242e-03
5.96000000e+02 -3.27832175e-02 1.18868762e-03 3.47463689e-03
5.97000000e+02 -3.25453755e-02 1.23093311e-03 3.42911136e-03
5.98000000e+02 -3.23075336e-02 1.27317860e-03 3.38358584e-03
5.99000000e+02 -3.20696917e-02 1.31542408e-03 3.33806031e-03
6.00000000e+02 -3.18318497e-02 1.35766957e-03 3.29253478e-03
6.01000000e+02 -3.16364751e-02 1.38948572e-03 3.25635463e-03
6.02000000e+02 -3.14411004e-02 1.42130186e-03 3.22017447e-03
6.03000000e+02 -3.12457257e-02 1.45311800e-03 3.18399432e-03
6.04000000e+02 -3.10503510e-02 1.48493415e-03 3.14781417e-03
6.05000000e+02 -3.08549764e-02 1.51675029e-03 3.11163401e-03
6.06000000e+02 -3.06596017e-02 1.54856644e-03 3.07545386e-03
6.07000000e+02 -3.04642270e-02 1.58038258e-03 3.03927370e-03
6.08000000e+02 -3.02688523e-02 1.61219872e-03 3.00309355e-03
6.09000000e+02 -3.00734777e-02 1.64401487e-03 2.96691340e-03
6.10000000e+02 -2.98781030e-02 1.67583101e-03 2.93073324e-03
6.11000000e+02 -2.96827283e-02 1.70764716e-03 2.89455309e-03
6.12000000e+02 -2.94873536e-02 1.73946330e-03 2.85837293e-03
6.13000000e+02 -2.92919790e-02 1.77127944e-03 2.82219278e-03
6.14000000e+02 -2.90966043e-02 1.80309559e-03 2.78601263e-03
6.15000000e+02 -2.89012296e-02 1.83491173e-03 2.74983247e-03
6.16000000e+02 -2.87058550e-02 1.86672788e-03 2.71365232e-03
6.17000000e+02 -2.85104803e-02 1.89854402e-03 2.67747216e-03
6.18000000e+02 -2.83151056e-02 1.93036016e-03 2.64129201e-03
6.19000000e+02 -2.81197309e-02 1.96217631e-03 2.60511185e-03
6.20000000e+02 -2.79243563e-02 1.99399245e-03 2.56893170e-03
6.21000000e+02 -2.77631052e-02 2.01755283e-03 2.54014244e-03
6.22000000e+02 -2.76018541e-02 2.04111321e-03 2.51135318e-03
6.23000000e+02 -2.74406031e-02 2.06467359e-03 2.48256391e-03
6.24000000e+02 -2.72793520e-02 2.08823397e-03 2.45377465e-03
6.25000000e+02 -2.71181009e-02 2.11179435e-03 2.42498539e-03
6.26000000e+02 -2.69568499e-02 2.13535473e-03 2.39619613e-03
6.27000000e+02 -2.67955988e-02 2.15891511e-03 2.36740686e-03
6.28000000e+02 -2.66343477e-02 2.18247549e-03 2.33861760e-03
6.29000000e+02 -2.64730967e-02 2.20603587e-03 2.30982834e-03
6.30000000e+02 -2.63118456e-02 2.22959625e-03 2.28103908e-03
6.31000000e+02 -2.61505945e-02 2.25315663e-03 2.25224982e-03
6.32000000e+02 -2.59893435e-02 2.27671701e-03 2.22346055e-03
6.33000000e+02 -2.58280924e-02 2.30027739e-03 2.19467129e-03
6.34000000e+02 -2.56668413e-02 2.32383777e-03 2.16588203e-03
6.35000000e+02 -2.55055903e-02 2.34739815e-03 2.13709277e-03
6.36000000e+02 -2.53443392e-02 2.37095853e-03 2.10830350e-03
6.37000000e+02 -2.51830881e-02 2.39451891e-03 2.07951424e-03
6.38000000e+02 -2.50218371e-02 2.41807929e-03 2.05072498e-03
6.39000000e+02 -2.48605860e-02 2.44163967e-03 2.02193572e-03
6.40000000e+02 -2.46993349e-02 2.46520005e-03 1.99314645e-03
6.41000000e+02 -1.75577431e-02 2.27316371e-02 1.21736914e-02
6.42000000e+02 -1.04161513e-02 4.29980742e-02 2.23542363e-02
6.43000000e+02 -3.27455956e-03 6.32645113e-02 3.25347812e-02
6.44000000e+02 3.86703223e-03 8.35309484e-02 4.27153261e-02
6.45000000e+02 1.10086240e-02 1.03797385e-01 5.28958711e-02
6.46000000e+02 1.81502158e-02 1.24063823e-01 6.30764160e-02
6.47000000e+02 2.52918076e-02 1.44330260e-01 7.32569609e-02
6.48000000e+02 3.24333994e-02 1.64596697e-01 8.34375058e-02
6.49000000e+02 3.95749912e-02 1.84863134e-01 9.36180507e-02
6.50000000e+02 4.67165830e-02 2.05129571e-01 1.03798596e-01
6.51000000e+02 5.38581747e-02 2.25396008e-01 1.13979141e-01
6.52000000e+02 6.09997665e-02 2.45662445e-01 1.24159685e-01
6.53000000e+02 6.81413583e-02 2.65928882e-01 1.34340230e-01
6.54000000e+02 7.52829501e-02 2.86195319e-01 1.44520775e-01
6.55000000e+02 8.24245419e-02 3.06461756e-01 1.54701320e-01
6.56000000e+02 8.95661337e-02 3.26728193e-01 1.64881865e-01
6.57000000e+02 9.67077255e-02 3.46994630e-01 1.75062410e-01
6.58000000e+02 1.03849317e-01 3.67261067e-01 1.85242955e-01
6.59000000e+02 1.10990909e-01 3.87527505e-01 1.95423500e-01
6.60000000e+02 1.18132501e-01 4.07793942e-01 2.05604045e-01
6.61000000e+02 1.30698683e-01 4.37580590e-01 2.18046386e-01
6.62000000e+02 1.43264865e-01 4.67367238e-01 2.30488727e-01
6.63000000e+02 1.55831047e-01 4.97153887e-01 2.42931068e-01
6.64000000e+02 1.68397229e-01 5.26940535e-01 2.55373409e-01
6.65000000e+02 1.80963411e-01 5.56727183e-01 2.67815750e-01
6.66000000e+02 1.93529593e-01 5.86513832e-01 2.80258091e-01
6.67000000e+02 2.06095775e-01 6.16300480e-01 2.92700432e-01
6.68000000e+02 2.18661957e-01 6.46087128e-01 3.05142773e-01
6.69000000e+02 2.31228139e-01 6.75873776e-01 3.17585114e-01
6.70000000e+02 2.43794321e-01 7.05660425e-01 3.30027455e-01
6.71000000e+02 2.56360503e-01 7.35447073e-01 3.42469796e-01
6.72000000e+02 2.68926685e-01 7.65233721e-01 3.54912137e-01
6.73000000e+02 2.81492867e-01 7.95020370e-01 3.67354478e-01
6.74000000e+02 2.94059049e-01 8.24807018e-01 3.79796819e-01
6.75000000e+02 3.06625231e-01 8.54593666e-01 3.92239160e-01
6.76000000e+02 3.19191413e-01 8.84380315e-01 4.04681501e-01
6.77000000e+02 3.31757595e-01 9.14166963e-01 4.17123842e-01
6.78000000e+02 3.44323777e-01 9.43953611e-01 4.29566183e-01
6.79000000e+02 3.56889959e-01 9.73740260e-01 4.42008524e-01
6.80000000e+02 3.69456141e-01 1.00352691e+00 4.54450865e-01
6.81000000e+02 3.76267010e-01 1.01220601e+00 4.53925630e-01
6.82000000e+02 3.83077879e-01 1.02088510e+00 4.53400395e-01
6.83000000e+02 3.89888747e-01 1.02956420e+00 4.52875160e-01
6.84000000e+02 3.96699616e-01 1.03824330e+00 4.52349924e-01
6.85000000e+02 4.03510485e-01 1.04692240e+00 4.51824689e-01
6.86000000e+02 4.10321353e-01 1.05560149e+00 4.51299454e-01
6.87000000e+02 4.17132222e-01 1.06428059e+00 4.50774219e-01
6.88000000e+02 4.23943091e-01 1.07295969e+00 4.50248984e-01
6.89000000e+02 4.30753959e-01 1.08163879e+00 4.49723749e-01
6.90000000e+02 4.37564828e-01 1.09031789e+00 4.49198514e-01
6.91000000e+02 4.44375697e-01 1.09899698e+00 4.48673279e-01
6.92000000e+02 4.51186565e-01 1.10767608e+00 4.48148044e-01
6.93000000e+02 4.57997434e-01 1.11635518e+00 4.47622809e-01
6.94000000e+02 4.64808303e-01 1.12503428e+00 4.47097574e-01
6.95000000e+02 4.71619171e-01 1.13371337e+00 4.46572339e-01
6.96000000e+02 4.78430040e-01 1.14239247e+00 4.46047104e-01
6.97000000e+02 4.85240909e-01 1.15107157e+00 4.45521869e-01
6.98000000e+02 4.92051777e-01 1.15975067e+00 4.44996634e-01
6.99000000e+02 4.98862646e-01 1.16842976e+00 4.44471399e-01
7.00000000e+02 5.05673515e-01 1.17710886e+00 4.43946163e-01
7.01000000e+02 5.05202382e-01 1.15512835e+00 4.34089033e-01
7.02000000e+02 5.04731249e-01 1.13314783e+00 4.24231903e-01
7.03000000e+02 5.04260116e-01 1.11116732e+00 4.14374772e-01
7.04000000e+02 5.03788983e-01 1.08918680e+00 4.04517642e-01
7.05000000e+02 5.03317850e-01 1.06720629e+00 3.94660511e-01
7.06000000e+02 5.02846717e-01 1.04522577e+00 3.84803381e-01
7.07000000e+02 5.02375584e-01 1.02324526e+00 3.74946250e-01
7.08000000e+02 5.01904451e-01 1.00126474e+00 3.65089120e-01
7.09000000e+02 5.01433318e-01 9.79284229e-01 3.55231989e-01
7.10000000e+02 5.00962185e-01 9.57303714e-01 3.45374859e-01
7.11000000e+02 5.00491052e-01 9.35323200e-01 3.35517728e-01
7.12000000e+02 5.00019919e-01 9.13342685e-01 3.25660598e-01
7.13000000e+02 4.99548786e-01 8.91362170e-01 3.15803467e-01
7.14000000e+02 4.99077653e-01 8.69381655e-01 3.05946337e-01
7.15000000e+02 4.98606520e-01 8.47401141e-01 2.96089207e-01
7.16000000e+02 4.98135387e-01 8.25420626e-01 2.86232076e-01
7.17000000e+02 4.97664254e-01 8.03440111e-01 2.76374946e-01
7.18000000e+02 4.97193121e-01 7.81459596e-01 2.66517815e-01
7.19000000e+02 4.96721988e-01 7.59479081e-01 2.56660685e-01
7.20000000e+02 4.96250855e-01 7.37498567e-01 2.46803554e-01
7.21000000e+02 4.94724734e-01 6.94380670e-01 2.35378082e-01
7.22000000e+02 4.93198613e-01 6.51262774e-01 2.23952610e-01
7.23000000e+02 4.91672492e-01 6.08144878e-01 2.12527138e-01
7.24000000e+02 4.90146370e-01 5.65026981e-01 2.01101667e-01
7.25000000e+02 4.88620249e-01 5.21909085e-01 1.89676195e-01
7.26000000e+02 4.87094128e-01 4.78791189e-01 1.78250723e-01
7.27000000e+02 4.85568007e-01 4.35673292e-01 1.66825251e-01
7.28000000e+02 4.84041885e-01 3.92555396e-01 1.55399779e-01
7.29000000e+02 4.82515764e-01 3.49437500e-01 1.43974307e-01
7.30000000e+02 4.80989643e-01 3.06319603e-01 1.32548835e-01
7.31000000e+02 4.79463522e-01 2.63201707e-01 1.21123363e-01
7.32000000e+02 4.77937400e-01 2.20083810e-01 1.09697891e-01
7.33000000e+02 4.76411279e-01 1.76965914e-01 9.82724192e-02
7.34000000e+02 4.74885158e-01 1.33848018e-01 8.68469473e-02
7.35000000e+02 4.73359037e-01 9.07301214e-02 7.54214753e-02
7.36000000e+02 4.71832915e-01 4.76122251e-02 6.39960034e-02
7.37000000e+02 4.70306794e-01 4.49432871e-03 5.25705315e-02
7.38000000e+02 4.68780673e-01 -3.86235676e-02 4.11450595e-02
7.39000000e+02 4.67254552e-01 -8.17414640e-02 2.97195876e-02
7.40000000e+02 4.65728430e-01 -1.24859360e-01 1.82941157e-02
7.41000000e+02 4.67556275e-01 -1.67104478e-01 6.66779809e-03
7.42000000e+02 4.69384120e-01 -2.09349596e-01 -4.95851949e-03
7.43000000e+02 4.71211964e-01 -2.51594714e-01 -1.65848371e-02
7.44000000e+02 4.73039809e-01 -2.93839832e-01 -2.82111547e-02
7.45000000e+02 4.74867654e-01 -3.36084950e-01 -3.98374722e-02
7.46000000e+02 4.76695499e-01 -3.78330068e-01 -5.14637898e-02
7.47000000e+02 4.78523343e-01 -4.20575186e-01 -6.30901074e-02
7.48000000e+02 4.80351188e-01 -4.62820303e-01 -7.47164250e-02
7.49000000e+02 4.82179033e-01 -5.05065421e-01 -8.63427426e-02
7.50000000e+02 4.84006878e-01 -5.47310539e-01 -9.79690601e-02
7.51000000e+02 4.85834722e-01 -5.89555657e-01 -1.09595378e-01
7.52000000e+02 4.87662567e-01 -6.31800775e-01 -1.21221695e-01
7.53000000e+02 4.89490412e-01 -6.74045893e-01 -1.32848013e-01
7.54000000e+02 4.91318256e-01 -7.16291011e-01 -1.44474330e-01
7.55000000e+02 4.93146101e-01 -7.58536129e-01 -1.56100648e-01
7.56000000e+02 4.94973946e-01 -8.00781246e-01 -1.67726966e-01
7.57000000e+02 4.96801791e-01 -8.43026364e-01 -1.79353283e-01
7.58000000e+02 4.98629635e-01 -8.85271482e-01 -1.90979601e-01
7.59000000e+02 5.00457480e-01 -9.27516600e-01 -2.02605918e-01
7.60000000e+02 5.02285325e-01 -9.69761718e-01 -2.14232236e-01
7.61000000e+02 5.04136381e-01 -9.88944508e-01 -2.24388647e-01
7.62000000e+02 5.05987437e-01 -1.00812730e+00 -2.34545057e-01
7.63000000e+02 5.07838493e-01 -1.02731009e+00 -2.44701468e-01
7.64000000e+02 5.09689549e-01 -1.04649288e+00 -2.54857878e-01
7.65000000e+02 5.11540605e-01 -1.06567567e+00 -2.65014289e-01
7.66000000e+02 5.13391660e-01 -1.08485846e+00 -2.75170700e-01
7.67000000e+02 5.15242716e-01 -1.10404125e+00 -2.85327110e-01
7.68000000e+02 5.17093772e-01 -1.12322404e+00 -2.95483521e-01
7.69000000e+02 5.18944828e-01 -1.14240683e+00 -3.05639931e-01
7.70000000e+02 5.20795884e-01 -1.16158962e+00 -3.15796342e-01
7.71000000e+02 5.22646940e-01 -1.18077241e+00 -3.25952753e-01
7.72000000e+02 5.24497996e-01 -1.19995520e+00 -3.36109163e-01
7.73000000e+02 5.26349052e-01 -1.21913799e+00 -3.46265574e-01
7.74000000e+02 5.28200108e-01 -1.23832078e+00 -3.56421984e-01
7.75000000e+02 5.30051164e-01 -1.25750357e+00 -3.66578395e-01
7.76000000e+02 5.31902220e-01 -1.27668636e+00 -3.76734806e-01
7.77000000e+02 5.33753276e-01 -1.29586915e+00 -3.86891216e-01
7.78000000e+02 5.35604332e-01 -1.31505194e+00 -3.97047627e-01
7.79000000e+02 5.37455388e-01 -1.33423473e+00 -4.07204037e-01
7.80000000e+02 5.39306444e-01 -1.35341752e+00 -4.17360448e-01
7.81000000e+02 5.32981653e-01 -1.34050293e+00 -4.18452676e-01
7.82000000e+02 5.26656862e-01 -1.32758834e+00 -4.19544903e-01
7.83000000e+02 5.20332071e-01 -1.31467375e+00 -4.20637131e-01
7.84000000e+02 5.14007280e-01 -1.30175915e+00 -4.21729359e-01
7.85000000e+02 5.07682490e-01 -1.28884456e+00 -4.22821587e-01
7.86000000e+02 5.01357699e-01 -1.27592997e+00 -4.23913814e-01
7.87000000e+02 4.95032908e-01 -1.26301538e+00 -4.25006042e-01
7.88000000e+02 4.88708117e-01 -1.25010078e+00 -4.26098270e-01
7.89000000e+02 4.82383326e-01 -1.23718619e+00 -4.27190498e-01
7.90000000e+02 4.76058535e-01 -1.22427160e+00 -4.28282725e-01
7.91000000e+02 4.69733744e-01 -1.21135701e+00 -4.29374953e-01
7.92000000e+02 4.63408954e-01 -1.19844241e+00 -4.30467181e-01
7.93000000e+02 4.57084163e-01 -1.18552782e+00 -4.31559409e-01
7.94000000e+02 4.50759372e-01 -1.17261323e+00 -4.32651636e-01
7.95000000e+02 4.44434581e-01 -1.15969864e+00 -4.33743864e-01
7.96000000e+02 4.38109790e-01 -1.14678404e+00 -4.34836092e-01
7.97000000e+02 4.31784999e-01 -1.13386945e+00 -4.35928320e-01
7.98000000e+02 4.25460208e-01 -1.12095486e+00 -4.37020547e-01
7.99000000e+02 4.19135418e-01 -1.10804027e+00 -4.38112775e-01
8.00000000e+02 4.12810627e-01 -1.09512567e+00 -4.39205003e-01
8.01000000e+02 3.98272720e-01 -1.06168146e+00 -4.27645328e-01
8.02000000e+02 3.83734813e-01 -1.02823724e+00 -4.16085653e-01
8.03000000e+02 3.69196905e-01 -9.94793018e-01 -4.04525978e-01
8.04000000e+02 3.54658998e-01 -9.61348799e-01 -3.92966303e-01
8.05000000e+02 3.40121091e-01 -9.27904580e-01 -3.81406628e-01
8.06000000e+02 3.25583184e-01 -8.94460361e-01 -3.69846953e-01
8.07000000e+02 3.11045277e-01 -8.61016143e-01 -3.58287277e-01
8.08000000e+02 2.96507370e-01 -8.27571924e-01 -3.46727602e-01
8.09000000e+02 2.81969463e-01 -7.94127705e-01 -3.35167927e-01
8.10000000e+02 2.67431556e-01 -7.60683486e-01 -3.23608252e-01
8.11000000e+02 2.52893649e-01 -7.27239267e-01 -3.12048577e-01
8.12000000e+02 2.38355742e-01 -6.93795048e-01 -3.00488902e-01
8.13000000e+02 2.23817835e-01 -6.60350830e-01 -2.88929227e-01
8.14000000e+02 2.09279928e-01 -6.26906611e-01 -2.77369552e-01
8.15000000e+02 1.94742021e-01 -5.93462392e-01 -2.65809877e-01
8.16000000e+02 1.80204113e-01 -5.60018173e-01 -2.54250202e-01
8.17000000e+02 1.65666206e-01 -5.26573954e-01 -2.42690527e-01
8.18000000e+02 1.51128299e-01 -4.93129736e-01 -2.31130852e-01
8.19000000e+02 1.36590392e-01 -4.59685517e-01 -2.19571177e-01
8.20000000e+02 1.22052485e-01 -4.26241298e-01 -2.08011502e-01
8.21000000e+02 1.12912607e-01 -4.03596415e-01 -1.97662572e-01
8.22000000e+02 1.03772728e-01 -3.80951533e-01 -1.87313642e-01
8.23000000e+02 9.46328496e-02 -3.58306650e-01 -1.76964712e-01
8.24000000e+02 8.54929711e-02 -3.35661768e-01 -1.66615782e-01
8.25000000e+02 7.63530926e-02 -3.13016885e-01 -1.56266852e-01
8.26000000e+02 6.72132141e-02 -2.90372003e-01 -1.45917922e-01
8.27000000e+02 5.80733356e-02 -2.67727120e-01 -1.35568992e-01
8.28000000e+02 4.89334571e-02 -2.45082238e-01 -1.25220061e-01
8.29000000e+02 3.97935786e-02 -2.22437356e-01 -1.14871131e-01
8.30000000e+02 3.06537001e-02 -1.99792473e-01 -1.04522201e-01
8.31000000e+02 2.15138217e-02 -1.77147591e-01 -9.41732713e-02
8.32000000e+02 1.23739432e-02 -1.54502708e-01 -8.38243413e-02
8.33000000e+02 3.23406466e-03 -1.31857826e-01 -7.34754113e-02
8.34000000e+02 -5.90581384e-03 -1.09212943e-01 -6.31264812e-02
8.35000000e+02 -1.50456923e-02 -8.65680606e-02 -5.27775512e-02
8.36000000e+02 -2.41855708e-02 -6.39231781e-02 -4.24286212e-02
8.37000000e+02 -3.33254493e-02 -4.12782957e-02 -3.20796911e-02
8.38000000e+02 -4.24653278e-02 -1.86334132e-02 -2.17307611e-02
8.39000000e+02 -5.16052063e-02 4.01146931e-03 -1.13818310e-02
8.40000000e+02 -6.07450848e-02 2.66563518e-02 -1.03290101e-03
8.41000000e+02 -6.03579100e-02 2.64169588e-02 -1.01957221e-03
8.42000000e+02 -5.99707351e-02 2.61775658e-02 -1.00624341e-03
8.43000000e+02 -5.95835603e-02 2.59381729e-02 -9.92914606e-04
8.44000000e+02 -5.91963854e-02 2.56987799e-02 -9.79585806e-04
8.45000000e+02 -5.88092106e-02 2.54593869e-02 -9.66257005e-04
8.46000000e+02 -5.84220357e-02 2.52199939e-02 -9.52928205e-04
8.47000000e+02 -5.80348608e-02 2.49806009e-02 -9.39599404e-04
8.48000000e+02 -5.76476860e-02 2.47412079e-02 -9.26270604e-04
8.49000000e+02 -5.72605111e-02 2.45018150e-02 -9.12941803e-04
8.50000000e+02 -5.68733363e-02 2.42624220e-02 -8.99613002e-04
8.51000000e+02 -5.64861614e-02 2.40230290e-02 -8.86284202e-04
8.52000000e+02 -5.60989866e-02 2.37836360e-02 -8.72955401e-04
8.53000000e+02 -5.57118117e-02 2.35442430e-02 -8.59626601e-04
8.54000000e+02 -5.53246369e-02 2.33048501e-02 -8.46297800e-04
8.55000000e+02 -5.49374620e-02 2.30654571e-02 -8.32969000e-04
8.56000000e+02 -5.45502872e-02 2.28260641e-02 -8.19640199e-04
8.57000000e+02 -5.41631123e-02 2.25866711e-02 -8.06311398e-04
8.58000000e+02 -5.37759374e-02 2.23472781e-02 -7.92982598e-04
8.59000000e+02 -5.33887626e-02 2.21078852e-02 -7.79653797e-04
8.60000000e+02 -5.30015877e-02 2.18684922e-02 -7.66324997e-04
8.61000000e+02 -5.26844184e-02 2.16786876e-02 -7.54207748e-04
8.62000000e+02 -5.23672490e-02 2.14888830e-02 -7.42090498e-04
8.63000000e+02 -5.20500797e-02 2.12990784e-02 -7.29973249e-04
8.64000000e+02 -5.17329104e-02 2.11092738e-02 -7.17856000e-04
8.65000000e+02 -5.14157410e-02 2.09194693e-02 -7.05738751e-04
8.66000000e+02 -5.10985717e-02 2.07296647e-02 -6.93621501e-04
8.67000000e+02 -5.07814023e-02 2.05398601e-02 -6.81504252e-04
8.68000000e+02 -5.04642330e-02 2.03500555e-02 -6.69387003e-04
8.69000000e+02 -5.01470636e-02 2.01602509e-02 -6.57269754e-04
8.70000000e+02 -4.98298943e-02 1.99704463e-02 -6.45152505e-04
8.71000000e+02 -4.95127249e-02 1.97806417e-02 -6.33035255e-04
8.72000000e+02 -4.91955556e-02 1.95908371e-02 -6.20918006e-04
8.73000000e+02 -4.88783862e-02 1.94010326e-02 -6.08800757e-04
8.74000000e+02 -4.85612169e-02 1.92112280e-02 -5.96683508e-04
8.75000000e+02 -4.82440476e-02 1.90214234e-02 -5.84566258e-04
8.76000000e+02 -4.79268782e-02 1.88316188e-02 -5.72449009e-04
8.77000000e+02 -4.76097089e-02 1.86418142e-02 -5.60331760e-04
8.78000000e+02 -4.72925395e-02 1.84520096e-02 -5.48214511e-04
8.79000000e+02 -4.69753702e-02 1.82622050e-02 -5.36097262e-04
8.80000000e+02 -4.66582008e-02 1.80724005e-02 -5.23980012e-04
8.81000000e+02 -4.63969704e-02 1.79210883e-02 -5.13532625e-04
8.82000000e+02 -4.61357400e-02 1.77697762e-02 -5.03085237e-04
8.83000000e+02 -4.58745095e-02 1.76184641e-02 -4.92637850e-04
8.84000000e+02 -4.56132791e-02 1.74671520e-02 -4.82190462e-04
8.85000000e+02 -4.53520486e-02 1.73158399e-02 -4.71743075e-04
8.86000000e+02 -4.50908182e-02 1.71645277e-02 -4.61295687e-04
8.87000000e+02 -4.48295878e-02 1.70132156e-02 -4.50848299e-04
8.88000000e+02 -4.45683573e-02 1.68619035e-02 -4.40400912e-04
8.89000000e+02 -4.43071269e-02 1.67105914e-02 -4.29953524e-04
8.90000000e+02 -4.40458964e-02 1.65592793e-02 -4.19506137e-04
8.91000000e+02 -4.37846660e-02 1.64079671e-02 -4.09058749e-04
8.92000000e+02 -4.35234356e-02 1.62566550e-02 -3.98611362e-04
8.93000000e+02 -4.32622051e-02 1.61053429e-02 -3.88163974e-04
8.94000000e+02 -4.30009747e-02 1.59540308e-02 -3.77716586e-04
8.95000000e+02 -4.27397442e-02 1.58027187e-02 -3.67269199e-04
8.96000000e+02 -4.24785138e-02 1.56514065e-02 -3.56821811e-04
8.97000000e+02 -4.22172834e-02 1.55000944e-02 -3.46374424e-04
8.98000000e+02 -4.19560529e-02 1.53487823e-02 -3.35927036e-04
8.99000000e+02 -4.16948225e-02 1.51974702e-02 -3.25479649e-04
9.00000000e+02 -4.14335920e-02 1.50461581e-02 -3.15032261e-04
9.01000000e+02 -4.12171677e-02 1.49249245e-02 -3.06353474e-04
9.02000000e+02 -4.10007433e-02 1.48036910e-02 -2.97674687e-04
9.03000000e+02 -4.07843189e-02 1.46824575e-02 -2.88995900e-04
9.04000000e+02 -4.05678945e-02 1.45612240e-02 -2.80317113e-04
9.05000000e+02 -4.03514702e-02 1.44399905e-02 -2.71638325e-04
9.06000000e+02 -4.01350458e-02 1.43187569e-02 -2.62959538e-04
9.07000000e+02 -3.99186214e-02 1.41975234e-02 -2.54280751e-04
9.08000000e+02 -3.97021970e-02 1.40762899e-02 -2.45601964e-04
9.09000000e+02 -3.94857727e-02 1.39550564e-02 -2.36923177e-04
9.10000000e+02 -3.92693483e-02 1.38338229e-02 -2.28244390e-04
9.11000000e+02 -3.90529239e-02 1.37125893e-02 -2.19565603e-04
9.12000000e+02 -3.88364995e-02 1.35913558e-02 -2.10886816e-04
9.13000000e+02 -3.86200752e-02 1.34701223e-02 -2.02208029e-04
9.14000000e+02 -3.84036508e-02 1.33488888e-02 -1.93529241e-04
9.15000000e+02 -3.81872264e-02 1.32276552e-02 -1.84850454e-04
9.16000000e+02 -3.79708020e-02 1.31064217e-02 -1.76171667e-04
9.17000000e+02 -3.77543777e-02 1.29851882e-02 -1.67492880e-04
9.18000000e+02 -3.75379533e-02 1.28639547e-02 -1.58814093e-04
9.19000000e+02 -3.73215289e-02 1.27427212e-02 -1.50135306e-04
9.20000000e+02 -3.71051045e-02 1.26214876e-02 -1.41456519e-04
9.21000000e+02 -3.69246529e-02 1.25238950e-02 -1.34456457e-04
9.22000000e+02 -3.67442012e-02 1.24263024e-02 -1.27456395e-04
9.23000000e+02 -3.65637495e-02 1.23287098e-02 -1.20456333e-04
9.24000000e+02 -3.63832978e-02 1.22311172e-02 -1.13456272e-04
9.25000000e+02 -3.62028461e-02 1.21335246e-02 -1.06456210e-04
9.26000000e+02 -3.60223944e-02 1.20359320e-02 -9.94561482e-05
9.27000000e+02 -3.58419427e-02 1.19383394e-02 -9.24560864e-05
9.28000000e+02 -3.56614910e-02 1.18407468e-02 -8.54560246e-05
9.29000000e+02 -3.54810393e-02 1.17431542e-02 -7.84559629e-05
9.30000000e+02 -3.53005876e-02 1.16455616e-02 -7.14559011e-05
9.31000000e+02 -3.51201359e-02 1.15479690e-02 -6.44558394e-05
9.32000000e+02 -3.49396843e-02 1.14503764e-02 -5.74557776e-05
9.33000000e+02 -3.47592326e-02 1.13527838e-02 -5.04557159e-05
9.34000000e+02 -3.45787809e-02 1.12551912e-02 -4.34556541e-05
9.35000000e+02 -3.43983292e-02 1.11575986e-02 -3.64555924e-05
9.36000000e+02 -3.42178775e-02 1.10600060e-02 -2.94555306e-05
9.37000000e+02 -3.40374258e-02 1.09624134e-02 -2.24554689e-05
9.38000000e+02 -3.38569741e-02 1.08648208e-02 -1.54554071e-05
9.39000000e+02 -3.36765224e-02 1.07672282e-02 -8.45534534e-06
9.40000000e+02 -3.34960707e-02 1.06696356e-02 -1.45528359e-06
9.41000000e+02 -3.33445689e-02 1.05907180e-02 4.04430519e-06
9.42000000e+02 -3.31930671e-02 1.05118005e-02 9.54389396e-06
9.43000000e+02 -3.30415653e-02 1.04328830e-02 1.50434827e-05
9.44000000e+02 -3.28900635e-02 1.03539654e-02 2.05430715e-05
9.45000000e+02 -3.27385617e-02 1.02750479e-02 2.60426603e-05
9.46000000e+02 -3.25870598e-02 1.01961303e-02 3.15422490e-05
9.47000000e+02 -3.24355580e-02 1.01172128e-02 3.70418378e-05
9.48000000e+02 -3.22840562e-02 1.00382952e-02 4.25414266e-05
9.49000000e+02 -3.21325544e-02 9.95937771e-03 4.80410154e-05
9.50000000e+02 -3.19810526e-02 9.88046017e-03 5.35406041e-05
9.51000000e+02 -3.18295508e-02 9.80154262e-03 5.90401929e-05
9.52000000e+02 -3.16780490e-02 9.72262508e-03 6.45397817e-05
9.53000000e+02 -3.15265471e-02 9.64370754e-03 7.00393705e-05
9.54000000e+02 -3.13750453e-02 9.56479000e-03 7.55389592e-05
9.55000000e+02 -3.12235435e-02 9.48587246e-03 8.10385480e-05
9.56000000e+02 -3.10720417e-02 9.40695492e-03 8.65381368e-05
9.57000000e+02 -3.09205399e-02 9.32803738e-03 9.20377255e-05
9.58000000e+02 -3.07690381e-02 9.24911983e-03 9.75373143e-05
9.59000000e+02 -3.06175363e-02 9.17020229e-03 1.03036903e-04
9.60000000e+02 -3.04660344e-02 9.09128475e-03 1.08536492e-04
9.61000000e+02 -3.03378901e-02 9.02718409e-03 1.12745025e-04
9.62000000e+02 -3.02097458e-02 8.96308343e-03 1.16953559e-04
9.63000000e+02 -3.00816015e-02 8.89898277e-03 1.21162092e-04
9.64000000e+02 -2.99534572e-02 8.83488212e-03 1.25370626e-04
9.65000000e+02 -2.98253129e-02 8.77078146e-03 1.29579159e-04
9.66000000e+02 -2.96971686e-02 8.70668080e-03 1.33787693e-04
9.67000000e+02 -2.95690243e-02 8.64258014e-03 1.37996226e-04
9.68000000e+02 -2.94408800e-02 8.57847948e-03 1.42204759e-04
9.69000000e+02 -2.93127357e-02 8.51437882e-03 1.46413293e-04
9.70000000e+02 -2.91845914e-02 8.45027816e-03 1.50621826e-04
9.71000000e+02 -2.90564471e-02 8.38617750e-03 1.54830360e-04
9.72000000e+02 -2.89283028e-02 8.32207684e-03 1.59038893e-04
9.73000000e+02 -2.88001585e-02 8.25797618e-03 1.63247427e-04
9.74000000e+02 -2.86720142e-02 8.19387552e-03 1.67455960e-04
9.75000000e+02 -2.85438699e-02 8.12977487e-03 1.71664494e-04
9.76000000e+02 -2.84157256e-02 8.06567421e-03 1.75873027e-04
9.77000000e+02 -2.82875813e-02 8.00157355e-03 1.80081561e-04
9.78000000e+02 -2.81594370e-02 7.93747289e-03 1.84290094e-04
9.79000000e+02 -2.80312927e-02 7.87337223e-03 1.88498627e-04
9.80000000e+02 -2.79031484e-02 7.80927157e-03 1.92707161e-04
9.81000000e+02 -2.42925232e-02 1.26278393e-02 3.12140160e-03
9.82000000e+02 -2.06818979e-02 1.74464069e-02 6.05009605e-03
9.83000000e+02 -1.70712726e-02 2.22649746e-02 8.97879049e-03
9.84000000e+02 -1.34606474e-02 2.70835423e-02 1.19074849e-02
9.85000000e+02 -9.85002212e-03 3.19021100e-02 1.48361794e-02
9.86000000e+02 -6.23939685e-03 3.67206777e-02 1.77648738e-02
9.87000000e+02 -2.62877159e-03 4.15392454e-02 2.06935683e-02
9.88000000e+02 9.81853677e-04 4.63578131e-02 2.36222627e-02
9.89000000e+02 4.59247894e-03 5.11763808e-02 2.65509572e-02
9.90000000e+02 8.20310421e-03 5.59949484e-02 2.94796516e-02
9.91000000e+02 1.18137295e-02 6.08135161e-02 3.24083460e-02
9.92000000e+02 1.54243547e-02 6.56320838e-02 3.53370405e-02
9.93000000e+02 1.90349800e-02 7.04506515e-02 3.82657349e-02
9.94000000e+02 2.26456053e-02 7.52692192e-02 4.11944294e-02
9.95000000e+02 2.62562305e-02 8.00877869e-02 4.41231238e-02
9.96000000e+02 2.98668558e-02 8.49063546e-02 4.70518183e-02
9.97000000e+02 3.34774811e-02 8.97249223e-02 4.99805127e-02
9.98000000e+02 3.70881063e-02 9.45434899e-02 5.29092071e-02
9.99000000e+02 4.06987316e-02 9.93620576e-02 5.58379016e-02
1.00000000e+03 4.43093569e-02 1.04180625e-01 5.87665960e-02
1.00100000e+03 6.20679456e-02 1.28623925e-01 7.26367812e-02
1.00200000e+03 7.98265344e-02 1.53067225e-01 8.65069663e-02
1.00300000e+03 9.75851232e-02 1.77510525e-01 1.00377151e-01
1.00400000e+03 1.15343712e-01 2.01953825e-01 1.14247337e-01
1.00500000e+03 1.33102301e-01 2.26397125e-01 1.28117522e-01
1.00600000e+03 1.50860889e-01 2.50840425e-01 1.41987707e-01
1.00700000e+03 1.68619478e-01 2.75283725e-01 1.55857892e-01
1.00800000e+03 1.86378067e-01 2.99727024e-01 1.69728077e-01
1.00900000e+03 2.04136656e-01 3.24170324e-01 1.83598262e-01
1.01000000e+03 2.21895245e-01 3.48613624e-01 1.97468447e-01
1.01100000e+03 2.39653833e-01 3.73056924e-01 2.11338632e-01
1.01200000e+03 2.57412422e-01 3.97500224e-01 2.25208818e-01
1.01300000e+03 2.75171011e-01 4.21943524e-01 2.39079003e-01
1.01400000e+03 2.92929600e-01 4.46386824e-01 2.52949188e-01
1.01500000e+03 3.10688188e-01 4.70830124e-01 2.66819373e-01
1.01600000e+03 3.28446777e-01 4.95273424e-01 2.80689558e-01
1.01700000e+03 3.46205366e-01 5.19716724e-01 2.94559743e-01
1.01800000e+03 3.63963955e-01 5.44160023e-01 3.08429928e-01
1.01900000e+03 3.81722543e-01 5.68603323e-01 3.22300113e-01
1.02000000e+03 3.99481132e-01 5.93046623e-01 3.36170299e-01
1.02100000e+03 4.12811656e-01 6.10410156e-01 3.42385214e-01
1.02200000e+03 4.26142181e-01 6.27773689e-01 3.48600130e-01
1.02300000e+03 4.39472705e-01 6.45137222e-01 3.54815045e-01
1.02400000e+03 4.52803229e-01 6.62500755e-01 3.61029961e-01
1.02500000e+03 4.66133753e-01 6.79864288e-01 3.67244877e-01
1.02600000e+03 4.79464277e-01 6.97227821e-01 3.73459792e-01
1.02700000e+03 4.92794802e-01 7.14591355e-01 3.79674708e-01
1.02800000e+03 5.06125326e-01 7.31954888e-01 3.85889624e-01
1.02900000e+03 5.19455850e-01 7.49318421e-01 3.92104539e-01
1.03000000e+03 5.32786374e-01 7.66681954e-01 3.98319455e-01
1.03100000e+03 5.46116898e-01 7.84045487e-01 4.04534370e-01
1.03200000e+03 5.59447423e-01 8.01409020e-01 4.10749286e-01
1.03300000e+03 5.72777947e-01 8.18772553e-01 4.16964202e-01
1.03400000e+03 5.86108471e-01 8.36136086e-01 4.23179117e-01
1.03500000e+03 5.99438995e-01 8.53499619e-01 4.29394033e-01
1.03600000e+03 6.12769519e-01 8.70863152e-01 4.35608949e-01
1.03700000e+03 6.26100044e-01 8.88226685e-01 4.41823864e-01
1.03800000e+03 6.39430568e-01 9.05590218e-01 4.48038780e-01
1.03900000e+03 6.52761092e-01 9.22953751e-01 4.54253695e-01
1.04000000e+03 6.66091616e-01 9.40317284e-01 4.60468611e-01
1.04100000e+03 6.66175336e-01 9.32446263e-01 4.52913528e-01
1.04200000e+03 6.66259055e-01 9.24575243e-01 4.45358444e-01
1.04300000e+03 6.66342774e-01 9.16704222e-01 4.37803361e-01
1.04400000e+03 6.66426494e-01 9.08833202e-01 4.30248278e-01
1.04500000e+03 6.66510213e-01 9.00962181e-01 4.22693194e-01
1.04600000e+03 6.66593932e-01 8.93091161e-01 4.15138111e-01
1.04700000e+03 6.66677652e-01 8.85220140e-01 4.07583028e-01
1.04800000e+03 6.66761371e-01 8.77349119e-01 4.00027944e-01
1.04900000e+03 6.66845090e-01 8.69478099e-01 3.92472861e-01
1.05000000e+03 6.66928810e-01 8.61607078e-01 3.84917778e-01
1.05100000e+03 6.67012529e-01 8.53736058e-01 3.77362694e-01
1.05200000e+03 6.67096249e-01 8.45865037e-01 3.69807611e-01
1.05300000e+03 6.67179968e-01 8.37994017e-01 3.62252528e-01
1.05400000e+03 6.67263687e-01 8.30122996e-01 3.54697444e-01
1.05500000e+03 6.67347407e-01 8.22251976e-01 3.47142361e-01
1.05600000e+03 6.67431126e-01 8.14380955e-01 3.39587278e-01
1.05700000e+03 6.67514845e-01 8.06509934e-01 3.32032194e-01
1.05800000e+03 6.67598565e-01 7.98638914e-01 3.24477111e-01
1.05900000e+03 6.67682284e-01 7.90767893e-01 3.16922028e-01
1.06000000e+03 6.67766004e-01 7.82896873e-01 3.09366944e-01
1.06100000e+03 6.58847806e-01 7.49608402e-01 2.96050868e-01
1.06200000e+03 6.49929608e-01 7.16319932e-01 2.82734792e-01
1.06300000e+03 6.41011411e-01 6.83031461e-01 2.69418716e-01
1.06400000e+03 6.32093213e-01 6.49742991e-01 2.56102639e-01
1.06500000e+03 6.23175016e-01 6.16454520e-01 2.42786563e-01
1.06600000e+03 6.14256818e-01 5.83166049e-01 2.29470487e-01
1.06700000e+03 6.05338620e-01 5.49877579e-01 2.16154411e-01
1.06800000e+03 5.96420423e-01 5.16589108e-01 2.02838335e-01
1.06900000e+03 5.87502225e-01 4.83300638e-01 1.89522258e-01
1.07000000e+03 5.78584028e-01 4.50012167e-01 1.76206182e-01
1.07100000e+03 5.69665830e-01 4.16723697e-01 1.62890106e-01
1.07200000e+03 5.60747633e-01 3.83435226e-01 1.49574030e-01
1.07300000e+03 5.51829435e-01 3.50146756e-01 1.36257954e-01
1.07400000e+03 5.42911237e-01 3.16858285e-01 1.22941878e-01
1.07500000e+03 5.33993040e-01 2.83569815e-01 1.09625801e-01
1.07600000e+03 5.25074842e-01 2.50281344e-01 9.63097251e-02
1.07700000e+03 5.16156645e-01 2.16992874e-01 8.29936489e-02
1.07800000e+03 5.07238447e-01 1.83704403e-01 6.96775728e-02
1.07900000e+03 4.98320250e-01 1.50415933e-01 5.63614966e-02
1.08000000e+03 4.89402052e-01 1.17127462e-01 4.30454204e-02
1.08100000e+03 4.81568927e-01 7.67164915e-02 2.99834048e-02
1.08200000e+03 4.73735802e-01 3.63055211e-02 1.69213892e-02
1.08300000e+03 4.65902677e-01 -4.10544941e-03 3.85937365e-03
1.08400000e+03 4.58069552e-01 -4.45164199e-02 -9.20264192e-03
1.08500000e+03 4.50236427e-01 -8.49273903e-02 -2.22646575e-02
1.08600000e+03 4.42403302e-01 -1.25338361e-01 -3.53266731e-02
1.08700000e+03 4.34570177e-01 -1.65749331e-01 -4.83886886e-02
1.08800000e+03 4.26737052e-01 -2.06160302e-01 -6.14507042e-02
1.08900000e+03 4.18903927e-01 -2.46571272e-01 -7.45127198e-02
1.09000000e+03 4.11070802e-01 -2.86982243e-01 -8.75747354e-02
1.09100000e+03 4.03237677e-01 -3.27393213e-01 -1.00636751e-01
1.09200000e+03 3.95404552e-01 -3.67804184e-01 -1.13698767e-01
1.09300000e+03 3.87571427e-01 -4.08215154e-01 -1.26760782e-01
1.09400000e+03 3.79738302e-01 -4.48626124e-01 -1.39822798e-01
1.09500000e+03 3.71905177e-01 -4.89037095e-01 -1.52884813e-01
1.09600000e+03 3.64072052e-01 -5.29448065e-01 -1.65946829e-01
1.09700000e+03 3.56238927e-01 -5.69859036e-01 -1.79008844e-01
1.09800000e+03 3.48405802e-01 -6.10270006e-01 -1.92070860e-01
1.09900000e+03 3.40572677e-01 -6.50680977e-01 -2.05132876e-01
1.10000000e+03 3.32739552e-01 -6.91091947e-01 -2.18194891e-01
1.10100000e+03 3.29598645e-01 -7.15934911e-01 -2.30092221e-01
1.10200000e+03 3.26457738e-01 -7.40777875e-01 -2.41989550e-01
1.10300000e+03 3.23316831e-01 -7.65620839e-01 -2.53886880e-01
1.10400000e+03 3.20175924e-01 -7.90463803e-01 -2.65784210e-01
1.10500000e+03 3.17035017e-01 -8.15306767e-01 -2.77681539e-01
1.10600000e+03 3.13894110e-01 -8.40149731e-01 -2.89578869e-01
1.10700000e+03 3.10753204e-01 -8.64992695e-01 -3.01476199e-01
1.10800000e+03 3.07612297e-01 -8.89835659e-01 -3.13373528e-01
1.10900000e+03 3.04471390e-01 -9.14678623e-01 -3.25270858e-01
1.11000000e+03 3.01330483e-01 -9.39521587e-01 -3.37168187e-01
1.11100000e+03 2.98189576e-01 -9.64364551e-01 -3.49065517e-01
1.11200000e+03 2.95048669e-01 -9.89207515e-01 -3.60962847e-01
1.11300000e+03 2.91907763e-01 -1.01405048e+00 -3.72860176e-01
1.11400000e+03 2.88766856e-01 -1.03889344e+00 -3.84757506e-01
1.11500000e+03 2.85625949e-01 -1.06373641e+00 -3.96654836e-01
1.11600000e+03 2.82485042e-01 -1.08857937e+00 -4.08552165e-01
1.11700000e+03 2.79344135e-01 -1.11342234e+00 -4.20449495e-01
1.11800000e+03 2.76203228e-01 -1.13826530e+00 -4.32346824e-01
1.11900000e+03 2.73062321e-01 -1.16310826e+00 -4.44244154e-01
1.12000000e+03 2.69921415e-01 -1.18795123e+00 -4.56141484e-01
1.12100000e+03 2.67570836e-01 -1.18584023e+00 -4.61634038e-01
1.12200000e+03 2.65220258e-01 -1.18372923e+00 -4.67126592e-01
1.12300000e+03 2.62869680e-01 -1.18161823e+00 -4.72619146e-01
1.12400000e+03 2.60519102e-01 -1.17950723e+00 -4.78111700e-01
1.12500000e+03 2.58168524e-01 -1.17739623e+00 -4.83604254e-01
1.12600000e+03 2.55817945e-01 -1.17528522e+00 -4.89096808e-01
1.12700000e+03 2.53467367e-01 -1.17317422e+00 -4.94589362e-01
1.12800000e+03 2.51116789e-01 -1.17106322e+00 -5.00081916e-01
1.12900000e+03 2.48766211e-01 -1.16895222e+00 -5.05574470e-01
1.13000000e+03 2.46415632e-01 -1.16684122e+00 -5.11067024e-01
1.13100000e+03 2.44065054e-01 -1.16473022e+00 -5.16559578e-01
1.13200000e+03 2.41714476e-01 -1.16261922e+00 -5.22052132e-01
1.13300000e+03 2.39363898e-01 -1.16050822e+00 -5.27544686e-01
1.13400000e+03 2.37013320e-01 -1.15839722e+00 -5.33037240e-01
1.13500000e+03 2.34662741e-01 -1.15628622e+00 -5.38529794e-01
1.13600000e+03 2.32312163e-01 -1.15417522e+00 -5.44022348e-01
1.13700000e+03 2.29961585e-01 -1.15206422e+00 -5.49514902e-01
1.13800000e+03 2.27611007e-01 -1.14995322e+00 -5.55007456e-01
1.13900000e+03 2.25260429e-01 -1.14784222e+00 -5.60500010e-01
1.14000000e+03 2.22909850e-01 -1.14573122e+00 -5.65992564e-01
1.14100000e+03 2.16975066e-01 -1.12150136e+00 -5.57934457e-01
1.14200000e+03 2.11040281e-01 -1.09727150e+00 -5.49876350e-01
1.14300000e+03 2.05105496e-01 -1.07304164e+00 -5.41818244e-01
1.14400000e+03 1.99170711e-01 -1.04881178e+00 -5.33760137e-01
1.14500000e+03 1.93235926e-01 -1.02458192e+00 -5.25702030e-01
1.14600000e+03 1.87301142e-01 -1.00035206e+00 -5.17643924e-01
1.14700000e+03 1.81366357e-01 -9.76122199e-01 -5.09585817e-01
1.14800000e+03 1.75431572e-01 -9.51892339e-01 -5.01527710e-01
1.14900000e+03 1.69496787e-01 -9.27662479e-01 -4.93469603e-01
1.15000000e+03 1.63562002e-01 -9.03432619e-01 -4.85411497e-01
1.15100000e+03 1.57627218e-01 -8.79202759e-01 -4.77353390e-01
1.15200000e+03 1.51692433e-01 -8.54972899e-01 -4.69295283e-01
1.15300000e+03 1.45757648e-01 -8.30743039e-01 -4.61237176e-01
1.15400000e+03 1.39822863e-01 -8.06513178e-01 -4.53179070e-01
1.15500000e+03 1.33888078e-01 -7.82283318e-01 -4.45120963e-01
1.15600000e+03 1.27953294e-01 -7.58053458e-01 -4.37062856e-01
1.15700000e+03 1.22018509e-01 -7.33823598e-01 -4.29004750e-01
1.15800000e+03 1.16083724e-01 -7.09593738e-01 -4.20946643e-01
1.15900000e+03 1.10148939e-01 -6.85363878e-01 -4.12888536e-01
1.16000000e+03 1.04214154e-01 -6.61134018e-01 -4.04830429e-01
1.16100000e+03 9.62896103e-02 -6.32931093e-01 -3.88708624e-01
1.16200000e+03 8.83650663e-02 -6.04728167e-01 -3.72586819e-01
1.16300000e+03 8.04405223e-02 -5.76525242e-01 -3.56465014e-01
1.16400000e+03 7.25159782e-02 -5.48322317e-01 -3.40343209e-01
1.16500000e+03 6.45914342e-02 -5.20119392e-01 -3.24221404e-01
1.16600000e+03 5.66668902e-02 -4.91916466e-01 -3.08099598e-01
1.16700000e+03 4.87423462e-02 -4.63713541e-01 -2.91977793e-01
1.16800000e+03 4.08178022e-02 -4.35510616e-01 -2.75855988e-01
1.16900000e+03 3.28932581e-02 -4.07307691e-01 -2.59734183e-01
1.17000000e+03 2.49687141e-02 -3.79104765e-01 -2.43612378e-01
1.17100000e+03 1.70441701e-02 -3.50901840e-01 -2.27490573e-01
1.17200000e+03 9.11962607e-03 -3.22698915e-01 -2.11368767e-01
1.17300000e+03 1.19508205e-03 -2.94495990e-01 -1.95246962e-01
1.17400000e+03 -6.72946197e-03 -2.66293064e-01 -1.79125157e-01
1.17500000e+03 -1.46540060e-02 -2.38090139e-01 -1.63003352e-01
1.17600000e+03 -2.25785500e-02 -2.09887214e-01 -1.46881547e-01
1.17700000e+03 -3.05030940e-02 -1.81684289e-01 -1.30759742e-01
1.17800000e+03 -3.84276381e-02 -1.53481363e-01 -1.14637936e-01
1.17900000e+03 -4.63521821e-02 -1.25278438e-01 -9.85161312e-02
1.18000000e+03 -5.42767261e-02 -9.70755129e-02 -8.23943260e-02
1.18100000e+03 -5.55951812e-02 -9.12364094e-02 -7.85414582e-02
1.18200000e+03 -5.69136362e-02 -8.53973059e-02 -7.46885905e-02
1.18300000e+03 -5.82320913e-02 -7.95582024e-02 -7.08357227e-02
1.18400000e+03 -5.95505464e-02 -7.37190989e-02 -6.69828549e-02
1.18500000e+03 -6.08690014e-02 -6.78799954e-02 -6.31299872e-02
1.18600000e+03 -6.21874565e-02 -6.20408919e-02 -5.92771194e-02
1.18700000e+03 -6.35059116e-02 -5.62017885e-02 -5.54242517e-02
1.18800000e+03 -6.48243667e-02 -5.03626850e-02 -5.15713839e-02
1.18900000e+03 -6.61428217e-02 -4.45235815e-02 -4.77185161e-02
1.19000000e+03 -6.74612768e-02 -3.86844780e-02 -4.38656484e-02
1.19100000e+03 -6.87797319e-02 -3.28453745e-02 -4.00127806e-02
1.19200000e+03 -7.00981869e-02 -2.70062710e-02 -3.61599128e-02
1.19300000e+03 -7.14166420e-02 -2.11671675e-02 -3.23070451e-02
1.19400000e+03 -7.27350971e-02 -1.53280640e-02 -2.84541773e-02
1.19500000e+03 -7.40535521e-02 -9.48896050e-03 -2.46013095e-02
1.19600000e+03 -7.53720072e-02 -3.64985701e-03 -2.07484418e-02
1.19700000e+03 -7.66904623e-02 2.18924649e-03 -1.68955740e-02
1.19800000e+03 -7.80089174e-02 8.02834998e-03 -1.30427062e-02
1.19900000e+03 -7.93273724e-02 1.38674535e-02 -9.18983847e-03
1.20000000e+03 -8.06458275e-02 1.97065570e-02 -5.33697070e-03
1.20100000e+03 -8.01721133e-02 1.95007704e-02 -5.34233991e-03
1.20200000e+03 -7.96983991e-02 1.92949838e-02 -5.34770913e-03
1.20300000e+03 -7.92246848e-02 1.90891973e-02 -5.35307834e-03
1.20400000e+03 -7.87509706e-02 1.88834107e-02 -5.35844755e-03
1.20500000e+03 -7.82772564e-02 1.86776242e-02 -5.36381676e-03
1.20600000e+03 -7.78035422e-02 1.84718376e-02 -5.36918597e-03
1.20700000e+03 -7.73298280e-02 1.82660510e-02 -5.37455519e-03
1.20800000e+03 -7.68561137e-02 1.80602645e-02 -5.37992440e-03
1.20900000e+03 -7.63823995e-02 1.78544779e-02 -5.38529361e-03
1.21000000e+03 -7.59086853e-02 1.76486914e-02 -5.39066282e-03
1.21100000e+03 -7.54349711e-02 1.74429048e-02 -5.39603204e-03
1.21200000e+03 -7.49612569e-02 1.72371182e-02 -5.40140125e-03
1.21300000e+03 -7.44875426e-02 1.70313317e-02 -5.40677046e-03
1.21400000e+03 -7.40138284e-02 1.68255451e-02 -5.41213967e-03
1.21500000e+03 -7.35401142e-02 1.66197586e-02 -5.41750888e-03
1.21600000e+03 -7.30664000e-02 1.64139720e-02 -5.42287810e-03
1.21700000e+03 -7.25926858e-02 1.62081854e-02 -5.42824731e-03
1.21800000e+03 -7.21189715e-02 1.60023989e-02 -5.43361652e-03
1.21900000e+03 -7.16452573e-02 1.57966123e-02 -5.43898573e-03
1.22000000e+03 -7.11715431e-02 1.55908258e-02 -5.44435494e-03
1.22100000e+03 -7.07766018e-02 1.54275358e-02 -5.44487801e-03
1.22200000e+03 -7.03816606e-02 1.52642459e-02 -5.44540107e-03
1.22300000e+03 -6.99867193e-02 1.51009559e-02 -5.44592414e-03
1.22400000e+03 -6.95917780e-02 1.49376660e-02 -5.44644721e-03
1.22500000e+03 -6.91968367e-02 1.47743760e-02 -5.44697027e-03
1.22600000e+03 -6.88018955e-02 1.46110861e-02 -5.44749334e-03
1.22700000e+03 -6.84069542e-02 1.44477961e-02 -5.44801640e-03
1.22800000e+03 -6.80120129e-02 1.42845062e-02 -5.44853947e-03
1.22900000e+03 -6.76170717e-02 1.41212163e-02 -5.44906253e-03
1.23000000e+03 -6.72221304e-02 1.39579263e-02 -5.44958560e-03
1.23100000e+03 -6.68271891e-02 1.37946364e-02 -5.45010866e-03
1.23200000e+03 -6.64322479e-02 1.36313464e-02 -5.45063173e-03
1.23300000e+03 -6.60373066e-02 1.34680565e-02 -5.45115479e-03
1.23400000e+03 -6.56423653e-02 1.33047665e-02 -5.45167786e-03
1.23500000e+03 -6.52474240e-02 1.31414766e-02 -5.45220092e-03
1.23600000e+03 -6.48524828e-02 1.29781866e-02 -5.45272399e-03
1.23700000e+03 -6.44575415e-02 1.28148967e-02 -5.45324705e-03
1.23800000e+03 -6.40626002e-02 1.26516068e-02 -5.45377012e-03
1.23900000e+03 -6.36676590e-02 1.24883168e-02 -5.45429318e-03
1.24000000e+03 -6.32727177e-02 1.23250269e-02 -5.45481625e-03
1.24100000e+03 -6.29419739e-02 1.21953731e-02 -5.45212369e-03
1.24200000e+03 -6.26112302e-02 1.20657194e-02 -5.44943113e-03
1.24300000e+03 -6.22804864e-02 1.19360656e-02 -5.44673857e-03
1.24400000e+03 -6.19497426e-02 1.18064119e-02 -5.44404602e-03
1.24500000e+03 -6.16189989e-02 1.16767582e-02 -5.44135346e-03
1.24600000e+03 -6.12882551e-02 1.15471044e-02 -5.43866090e-03
1.24700000e+03 -6.09575113e-02 1.14174507e-02 -5.43596834e-03
1.24800000e+03 -6.06267676e-02 1.12877969e-02 -5.43327578e-03
1.24900000e+03 -6.02960238e-02 1.11581432e-02 -5.43058323e-03
1.25000000e+03 -5.99652800e-02 1.10284895e-02 -5.42789067e-03
1.25100000e+03 -5.96345363e-02 1.08988357e-02 -5.42519811e-03
1.25200000e+03 -5.93037925e-02 1.07691820e-02 -5.42250555e-03
1.25300000e+03 -5.89730487e-02 1.06395282e-02 -5.41981299e-03
1.25400000e+03 -5.86423050e-02 1.05098745e-02 -5.41712044e-03
1.25500000e+03 -5.83115612e-02 1.03802207e-02 -5.41442788e-03
1.25600000e+03 -5.79808174e-02 1.02505670e-02 -5.41173532e-03
1.25700000e+03 -5.76500737e-02 1.01209133e-02 -5.40904276e-03
1.25800000e+03 -5.73193299e-02 9.99125952e-03 -5.40635020e-03
1.25900000e+03 -5.69885861e-02 9.86160578e-03 -5.40365765e-03
1.26000000e+03 -5.66578424e-02 9.73195204e-03 -5.40096509e-03
1.26100000e+03 -5.63794587e-02 9.62898313e-03 -5.39615459e-03
1.26200000e+03 -5.61010750e-02 9.52601422e-03 -5.39134409e-03
1.26300000e+03 -5.58226914e-02 9.42304530e-03 -5.38653359e-03
1.26400000e+03 -5.55443077e-02 9.32007639e-03 -5.38172309e-03
1.26500000e+03 -5.52659240e-02 9.21710748e-03 -5.37691259e-03
1.26600000e+03 -5.49875403e-02 9.11413856e-03 -5.37210210e-03
1.26700000e+03 -5.47091567e-02 9.01116965e-03 -5.36729160e-03
1.26800000e+03 -5.44307730e-02 8.90820074e-03 -5.36248110e-03
1.26900000e+03 -5.41523893e-02 8.80523183e-03 -5.35767060e-03
1.27000000e+03 -5.38740056e-02 8.70226291e-03 -5.35286010e-03
1.27100000e+03 -5.35956220e-02 8.59929400e-03 -5.34804960e-03
1.27200000e+03 -5.33172383e-02 8.49632509e-03 -5.34323910e-03
1.27300000e+03 -5.30388546e-02 8.39335618e-03 -5.33842860e-03
1.27400000e+03 -5.27604709e-02 8.29038726e-03 -5.33361811e-03
1.27500000e+03 -5.24820873e-02 8.18741835e-03 -5.32880761e-03
1.27600000e+03 -5.22037036e-02 8.08444944e-03 -5.32399711e-03
1.27700000e+03 -5.19253199e-02 7.98148052e-03 -5.31918661e-03
1.27800000e+03 -5.16469362e-02 7.87851161e-03 -5.31437611e-03
1.27900000e+03 -5.13685526e-02 7.77554270e-03 -5.30956561e-03
1.28000000e+03 -5.10901689e-02 7.67257379e-03 -5.30475511e-03
1.28100000e+03 -5.08545394e-02 7.59081171e-03 -5.29856945e-03
1.28200000e+03 -5.06189100e-02 7.50904964e-03 -5.29238379e-03
1.28300000e+03 -5.03832806e-02 7.42728756e-03 -5.28619813e-03
1.28400000e+03 -5.01476512e-02 7.34552549e-03 -5.28001246e-03
1.28500000e+03 -4.99120217e-02 7.26376342e-03 -5.27382680e-03
1.28600000e+03 -4.96763923e-02 7.18200134e-03 -5.26764114e-03
1.28700000e+03 -4.94407629e-02 7.10023927e-03 -5.26145548e-03
1.28800000e+03 -4.92051334e-02 7.01847719e-03 -5.25526982e-03
1.28900000e+03 -4.89695040e-02 6.93671512e-03 -5.24908415e-03
1.29000000e+03 -4.87338746e-02 6.85495305e-03 -5.24289849e-03
1.29100000e+03 -4.84982451e-02 6.77319097e-03 -5.23671283e-03
1.29200000e+03 -4.82626157e-02 6.69142890e-03 -5.23052717e-03
1.29300000e+03 -4.80269863e-02 6.60966682e-03 -5.22434150e-03
1.29400000e+03 -4.77913568e-02 6.52790475e-03 -5.21815584e-03
1.29500000e+03 -4.75557274e-02 6.44614268e-03 -5.21197018e-03
1.29600000e+03 -4.73200980e-02 6.36438060e-03 -5.20578452e-03
1.29700000e+03 -4.70844685e-02 6.28261853e-03 -5.19959886e-03
1.29800000e+03 -4.68488391e-02 6.20085646e-03 -5.19341319e-03
1.29900000e+03 -4.66132097e-02 6.11909438e-03 -5.18722753e-03
1.30000000e+03 -4.63775802e-02 6.03733231e-03 -5.18104187e-03
1.30100000e+03 -4.61769147e-02 5.97244471e-03 -5.17398631e-03
1.30200000e+03 -4.59762491e-02 5.90755712e-03 -5.16693075e-03
1.30300000e+03 -4.57755836e-02 5.84266953e-03 -5.15987519e-03
1.30400000e+03 -4.55749180e-02 5.77778194e-03 -5.15281963e-03
1.30500000e+03 -4.53742525e-02 5.71289434e-03 -5.14576406e-03
1.30600000e+03 -4.51735869e-02 5.64800675e-03 -5.13870850e-03
1.30700000e+03 -4.49729213e-02 5.58311916e-03 -5.13165294e-03
1.30800000e+03 -4.47722558e-02 5.51823156e-03 -5.12459738e-03
1.30900000e+03 -4.45715902e-02 5.45334397e-03 -5.11754182e-03
1.31000000e+03 -4.43709247e-02 5.38845638e-03 -5.11048626e-03
1.31100000e+03 -4.41702591e-02 5.32356879e-03 -5.10343070e-03
1.31200000e+03 -4.39695935e-02 5.25868119e-03 -5.09637514e-03
1.31300000e+03 -4.37689280e-02 5.19379360e-03 -5.08931958e-03
1.31400000e+03 -4.35682624e-02 5.12890601e-03 -5.08226402e-03
1.31500000e+03 -4.33675969e-02 5.06401841e-03 -5.07520846e-03
1.31600000e+03 -4.31669313e-02 4.99913082e-03 -5.06815290e-03
1.31700000e+03 -4.29662658e-02 4.93424323e-03 -5.06109734e-03
1.31800000e+03 -4.27656002e-02 4.86935564e-03 -5.05404177e-03
1.31900000e+03 -4.25649346e-02 4.80446804e-03 -5.04698621e-03
1.32000000e+03 -4.23642691e-02 4.73958045e-03 -5.03993065e-03
1.32100000e+03 -4.21922516e-02 4.68813131e-03 -5.03235066e-03
1.32200000e+03 -4.20202342e-02 4.63668217e-03 -5.02477068e-03
1.32300000e+03 -4.18482167e-02 4.58523304e-03 -5.01719069e-03
1.32400000e+03 -4.16761993e-02 4.53378390e-03 -5.00961070e-03
1.32500000e+03 -4.15041818e-02 4.48233476e-03 -5.00203071e-03
1.32600000e+03 -4.13321644e-02 4.43088562e-03 -4.99445072e-03
1.32700000e+03 -4.11601469e-02 4.37943648e-03 -4.98687073e-03
1.32800000e+03 -4.09881295e-02 4.32798735e-03 -4.97929074e-03
1.32900000e+03 -4.08161120e-02 4.27653821e-03 -4.97171075e-03
1.33000000e+03 -4.06440946e-02 4.22508907e-03 -4.96413076e-03
1.33100000e+03 -4.04720771e-02 4.17363993e-03 -4.95655077e-03
1.33200000e+03 -4.03000597e-02 4.12219080e-03 -4.94897079e-03
1.33300000e+03 -4.01280422e-02 4.07074166e-03 -4.94139080e-03
1.33400000e+03 -3.99560248e-02 4.01929252e-03 -4.93381081e-03
1.33500000e+03 -3.97840073e-02 3.96784338e-03 -4.92623082e-03
1.33600000e+03 -3.96119899e-02 3.91639424e-03 -4.91865083e-03
1.33700000e+03 -3.94399724e-02 3.86494511e-03 -4.91107084e-03
1.33800000e+03 -3.92679550e-02 3.81349597e-03 -4.90349085e-03
1.33900000e+03 -3.90959375e-02 3.76204683e-03 -4.89591086e-03
1.34000000e+03 -3.89239201e-02 3.71059769e-03 -4.88833087e-03
1.34100000e+03 -1.42208372e-02 -1.43858623e-02 1.04163118e-02
1.34200000e+03 1.04822456e-02 -3.24823224e-02 2.57209545e-02
1.34300000e+03 3.51853285e-02 -5.05787824e-02 4.10255972e-02
1.34400000e+03 5.98884113e-02 -6.86752424e-02 5.63302399e-02
1.34500000e+03 8.45914941e-02 -8.67717024e-02 7.16348826e-02
1.34600000e+03 1.09294577e-01 -1.04868162e-01 8.69395253e-02
1.34700000e+03 1.33997660e-01 -1.22964623e-01 1.02244168e-01
1.34800000e+03 1.58700743e-01 -1.41061083e-01 1.17548811e-01
1.34900000e+03 1.83403825e-01 -1.59157543e-01 1.32853453e-01
1.35000000e+03 2.08106908e-01 -1.77254003e-01 1.48158096e-01
1.35100000e+03 2.32809991e-01 -1.95350463e-01 1.63462739e-01
1.35200000e+03 2.57513074e-01 -2.13446923e-01 1.78767382e-01
1.35300000e+03 2.82216157e-01 -2.31543383e-01 1.94072024e-01
1.35400000e+03 3.06919240e-01 -2.49639843e-01 2.09376667e-01
1.35500000e+03 3.31622323e-01 -2.67736303e-01 2.24681310e-01
1.35600000e+03 3.56325405e-01 -2.85832763e-01 2.39985952e-01
1.35700000e+03 3.81028488e-01 -3.03929223e-01 2.55290595e-01
1.35800000e+03 4.05731571e-01 -3.22025683e-01 2.70595238e-01
1.35900000e+03 4.30434654e-01 -3.40122143e-01 2.85899880e-01
1.36000000e+03 4.55137737e-01 -3.58218603e-01 3.01204523e-01
1.36100000e+03 4.97713438e-01 -3.87659373e-01 3.22449727e-01
1.36200000e+03 5.40289140e-01 -4.17100144e-01 3.43694931e-01
1.36300000e+03 5.82864842e-01 -4.46540914e-01 3.64940135e-01
1.36400000e+03 6.25440544e-01 -4.75981685e-01 3.86185339e-01
1.36500000e+03 6.68016246e-01 -5.05422455e-01 4.07430542e-01
1.36600000e+03 7.10591947e-01 -5.34863226e-01 4.28675746e-01
1.36700000e+03 7.53167649e-01 -5.64303996e-01 4.49920950e-01
1.36800000e+03 7.95743351e-01 -5.93744767e-01 4.71166154e-01
1.36900000e+03 8.38319053e-01 -6.23185537e-01 4.92411358e-01
1.37000000e+03 8.80894754e-01 -6.52626308e-01 5.13656562e-01
1.37100000e+03 9.23470456e-01 -6.82067078e-01 5.34901766e-01
1.37200000e+03 9.66046158e-01 -7.11507849e-01 5.56146970e-01
1.37300000e+03 1.00862186e+00 -7.40948620e-01 5.77392173e-01
1.37400000e+03 1.05119756e+00 -7.70389390e-01 5.98637377e-01
1.37500000e+03 1.09377326e+00 -7.99830161e-01 6.19882581e-01
1.37600000e+03 1.13634897e+00 -8.29270931e-01 6.41127785e-01
1.37700000e+03 1.17892467e+00 -8.58711702e-01 6.62372989e-01
1.37800000e+03 1.22150037e+00 -8.88152472e-01 6.83618193e-01
1.37900000e+03 1.26407607e+00 -9.17593243e-01 7.04863397e-01
1.38000000e+03 1.30665177e+00 -9.47034013e-01 7.26108600e-01
1.38100000e+03 1.33492501e+00 -9.63652896e-01 7.30290432e-01
1.38200000e+03 1.36319825e+00 -9.80271780e-01 7.34472263e-01
1.38300000e+03 1.39147149e+00 -9.96890663e-01 7.38654095e-01
1.38400000e+03 1.41974474e+00 -1.01350955e+00 7.42835926e-01
1.38500000e+03 1.44801798e+00 -1.03012843e+00 7.47017758e-01
1.38600000e+03 1.47629122e+00 -1.04674731e+00 7.51199590e-01
1.38700000e+03 1.50456446e+00 -1.06336620e+00 7.55381421e-01
1.38800000e+03 1.53283770e+00 -1.07998508e+00 7.59563253e-01
1.38900000e+03 1.56111094e+00 -1.09660396e+00 7.63745084e-01
1.39000000e+03 1.58938418e+00 -1.11322285e+00 7.67926916e-01
1.39100000e+03 1.61765742e+00 -1.12984173e+00 7.72108747e-01
1.39200000e+03 1.64593066e+00 -1.14646061e+00 7.76290579e-01
1.39300000e+03 1.67420390e+00 -1.16307950e+00 7.80472410e-01
1.39400000e+03 1.70247714e+00 -1.17969838e+00 7.84654242e-01
1.39500000e+03 1.73075039e+00 -1.19631726e+00 7.88836073e-01
1.39600000e+03 1.75902363e+00 -1.21293615e+00 7.93017905e-01
1.39700000e+03 1.78729687e+00 -1.22955503e+00 7.97199736e-01
1.39800000e+03 1.81557011e+00 -1.24617391e+00 8.01381568e-01
1.39900000e+03 1.84384335e+00 -1.26279280e+00 8.05563399e-01
1.40000000e+03 1.87211659e+00 -1.27941168e+00 8.09745231e-01
1.40100000e+03 1.87302963e+00 -1.27526174e+00 7.97350267e-01
1.40200000e+03 1.87394267e+00 -1.27111181e+00 7.84955302e-01
1.40300000e+03 1.87485571e+00 -1.26696187e+00 7.72560338e-01
1.40400000e+03 1.87576876e+00 -1.26281193e+00 7.60165374e-01
1.40500000e+03 1.87668180e+00 -1.25866200e+00 7.47770410e-01
1.40600000e+03 1.87759484e+00 -1.25451206e+00 7.35375446e-01
1.40700000e+03 1.87850788e+00 -1.25036213e+00 7.22980481e-01
1.40800000e+03 1.87942092e+00 -1.24621219e+00 7.10585517e-01
1.40900000e+03 1.88033397e+00 -1.24206225e+00 6.98190553e-01
1.41000000e+03 1.88124701e+00 -1.23791232e+00 6.85795589e-01
1.41100000e+03 1.88216005e+00 -1.23376238e+00 6.73400625e-01
1.41200000e+03 1.88307309e+00 -1.22961244e+00 6.61005660e-01
1.41300000e+03 1.88398613e+00 -1.22546251e+00 6.48610696e-01
1.41400000e+03 1.88489917e+00 -1.22131257e+00 6.36215732e-01
1.41500000e+03 1.88581222e+00 -1.21716264e+00 6.23820768e-01
1.41600000e+03 1.88672526e+00 -1.21301270e+00 6.11425803e-01
1.41700000e+03 1.88763830e+00 -1.20886276e+00 5.99030839e-01
1.41800000e+03 1.88855134e+00 -1.20471283e+00 5.86635875e-01
1.41900000e+03 1.88946438e+00 -1.20056289e+00 5.74240911e-01
1.42000000e+03 1.89037742e+00 -1.19641295e+00 5.61845947e-01
1.42100000e+03 1.86588822e+00 -1.17402598e+00 5.44286395e-01
1.42200000e+03 1.84139902e+00 -1.15163901e+00 5.26726844e-01
1.42300000e+03 1.81690982e+00 -1.12925204e+00 5.09167293e-01
1.42400000e+03 1.79242062e+00 -1.10686507e+00 4.91607742e-01
1.42500000e+03 1.76793142e+00 -1.08447811e+00 4.74048191e-01
1.42600000e+03 1.74344222e+00 -1.06209114e+00 4.56488640e-01
1.42700000e+03 1.71895301e+00 -1.03970417e+00 4.38929089e-01
1.42800000e+03 1.69446381e+00 -1.01731720e+00 4.21369538e-01
1.42900000e+03 1.66997461e+00 -9.94930226e-01 4.03809987e-01
1.43000000e+03 1.64548541e+00 -9.72543256e-01 3.86250436e-01
1.43100000e+03 1.62099621e+00 -9.50156287e-01 3.68690885e-01
1.43200000e+03 1.59650701e+00 -9.27769317e-01 3.51131334e-01
1.43300000e+03 1.57201781e+00 -9.05382347e-01 3.33571783e-01
1.43400000e+03 1.54752860e+00 -8.82995378e-01 3.16012232e-01
1.43500000e+03 1.52303940e+00 -8.60608408e-01 2.98452681e-01
1.43600000e+03 1.49855020e+00 -8.38221438e-01 2.80893129e-01
1.43700000e+03 1.47406100e+00 -8.15834468e-01 2.63333578e-01
1.43800000e+03 1.44957180e+00 -7.93447499e-01 2.45774027e-01
1.43900000e+03 1.42508260e+00 -7.71060529e-01 2.28214476e-01
1.44000000e+03 1.40059340e+00 -7.48673559e-01 2.10654925e-01
1.44100000e+03 1.36329387e+00 -7.16083488e-01 1.95500926e-01
1.44200000e+03 1.32599434e+00 -6.83493417e-01 1.80346926e-01
1.44300000e+03 1.28869481e+00 -6.50903346e-01 1.65192926e-01
1.44400000e+03 1.25139529e+00 -6.18313275e-01 1.50038927e-01
1.44500000e+03 1.21409576e+00 -5.85723204e-01 1.34884927e-01
1.44600000e+03 1.17679623e+00 -5.53133133e-01 1.19730927e-01
1.44700000e+03 1.13949670e+00 -5.20543062e-01 1.04576928e-01
1.44800000e+03 1.10219717e+00 -4.87952991e-01 8.94229279e-02
1.44900000e+03 1.06489765e+00 -4.55362920e-01 7.42689282e-02
1.45000000e+03 1.02759812e+00 -4.22772849e-01 5.91149285e-02
1.45100000e+03 9.90298590e-01 -3.90182778e-01 4.39609289e-02
1.45200000e+03 9.52999062e-01 -3.57592707e-01 2.88069292e-02
1.45300000e+03 9.15699535e-01 -3.25002636e-01 1.36529295e-02
1.45400000e+03 8.78400007e-01 -2.92412565e-01 -1.50107013e-03
1.45500000e+03 8.41100479e-01 -2.59822494e-01 -1.66550698e-02
1.45600000e+03 8.03800951e-01 -2.27232423e-01 -3.18090695e-02
1.45700000e+03 7.66501423e-01 -1.94642352e-01 -4.69630691e-02
1.45800000e+03 7.29201895e-01 -1.62052281e-01 -6.21170688e-02
1.45900000e+03 6.91902367e-01 -1.29462210e-01 -7.72710684e-02
1.46000000e+03 6.54602840e-01 -9.68721393e-02 -9.24250681e-02
1.46100000e+03 6.22080716e-01 -6.75532885e-02 -1.03490006e-01
1.46200000e+03 5.89558592e-01 -3.82344378e-02 -1.14554943e-01
1.46300000e+03 5.57036469e-01 -8.91558701e-03 -1.25619881e-01
1.46400000e+03 5.24514345e-01 2.04032637e-02 -1.36684818e-01
1.46500000e+03 4.91992221e-01 4.97221145e-02 -1.47749756e-01
1.46600000e+03 4.59470098e-01 7.90409653e-02 -1.58814693e-01
1.46700000e+03 4.26947974e-01 1.08359816e-01 -1.69879631e-01
1.46800000e+03 3.94425850e-01 1.37678667e-01 -1.80944568e-01
1.46900000e+03 3.61903727e-01 1.66997518e-01 -1.92009506e-01
1.47000000e+03 3.29381603e-01 1.96316368e-01 -2.03074443e-01
1.47100000e+03 2.96859479e-01 2.25635219e-01 -2.14139381e-01
1.47200000e+03 2.64337356e-01 2.54954070e-01 -2.25204318e-01
1.47300000e+03 2.31815232e-01 2.84272921e-01 -2.36269256e-01
1.47400000e+03 1.99293108e-01 3.13591771e-01 -2.47334193e-01
1.47500000e+03 1.66770984e-01 3.42910622e-01 -2.58399131e-01
1.47600000e+03 1.34248861e-01 3.72229473e-01 -2.69464068e-01
1.47700000e+03 1.01726737e-01 4.01548324e-01 -2.80529006e-01
1.47800000e+03 6.92046134e-02 4.30867174e-01 -2.91593943e-01
1.47900000e+03 3.66824898e-02 4.60186025e-01 -3.02658880e-01
1.48000000e+03 4.16036609e-03 4.89504876e-01 -3.13723818e-01
1.48100000e+03 -1.04738318e-02 4.98387589e-01 -3.16919829e-01
1.48200000e+03 -2.51080296e-02 5.07270302e-01 -3.20115839e-01
1.48300000e+03 -3.97422275e-02 5.16153014e-01 -3.23311850e-01
1.48400000e+03 -5.43764254e-02 5.25035727e-01 -3.26507861e-01
1.48500000e+03 -6.90106232e-02 5.33918440e-01 -3.29703872e-01
1.48600000e+03 -8.36448211e-02 5.42801153e-01 -3.32899882e-01
1.48700000e+03 -9.82790190e-02 5.51683866e-01 -3.36095893e-01
1.48800000e+03 -1.12913217e-01 5.60566579e-01 -3.39291904e-01
1.48900000e+03 -1.27547415e-01 5.69449291e-01 -3.42487915e-01
1.49000000e+03 -1.42181613e-01 5.78332004e-01 -3.45683925e-01
1.49100000e+03 -1.56815810e-01 5.87214717e-01 -3.48879936e-01
1.49200000e+03 -1.71450008e-01 5.96097430e-01 -3.52075947e-01
1.49300000e+03 -1.86084206e-01 6.04980143e-01 -3.55271958e-01
1.49400000e+03 -2.00718404e-01 6.13862856e-01 -3.58467968e-01
1.49500000e+03 -2.15352602e-01 6.22745568e-01 -3.61663979e-01
1.49600000e+03 -2.29986800e-01 6.31628281e-01 -3.64859990e-01
1.49700000e+03 -2.44620998e-01 6.40510994e-01 -3.68056000e-01
1.49800000e+03 -2.59255195e-01 6.49393707e-01 -3.71252011e-01
1.49900000e+03 -2.73889393e-01 6.58276420e-01 -3.74448022e-01
