0.00000000e+00 0.00000000e+00 0.00000000e+00 0.00000000e+00
1.00000000e+00 0.00000000e+00 0.00000000e+00 0.00000000e+00
2.00000000e+00 0.00000000e+00 0.00000000e+00 0.00000000e+00
3.00000000e+00 0.00000000e+00 0.00000000e+00 0.00000000e+00
4.00000000e+00 0.00000000e+00 0.00000000e+00 0.00000000e+00
5.00000000e+00 0.00000000e+00 0.00000000e+00 0.00000000e+00
6.00000000e+00 0.00000000e+00 0.00000000e+00 0.00000000e+00
7.00000000e+00 0.00000000e+00 0.00000000e+00 0.00000000e+00
8.00000000e+00 0.00000000e+00 0.00000000e+00 0.00000000e+00
9.00000000e+00 0.00000000e+00 0.00000000e+00 0.00000000e+00
1.00000000e+01 0.00000000e+00 0.00000000e+00 0.00000000e+00
1.10000000e+01 0.00000000e+00 0.00000000e+00 0.00000000e+00
1.20000000e+01 0.00000000e+00 0.00000000e+00 0.00000000e+00
1.30000000e+01 0.00000000e+00 0.00000000e+00 0.00000000e+00
1.40000000e+01 0.00000000e+00 0.00000000e+00 0.00000000e+00
1.50000000e+01 0.00000000e+00 0.00000000e+00 0.00000000e+00
1.60000000e+01 0.00000000e+00 0.00000000e+00 0.00000000e+00
1.70000000e+01 0.00000000e+00 0.00000000e+00 0.00000000e+00
1.80000000e+01 0.00000000e+00 0.00000000e+00 0.00000000e+00
1.90000000e+01 0.00000000e+00 0.00000000e+00 0.00000000e+00
2.00000000e+01 0.00000000e+00 0.00000000e+00 0.00000000e+00
2.10000000e+01 -2.58041788e-10 -2.82024502e-10 -2.14596735e-12
2.20000000e+01 -5.16083575e-10 -5.64049004e-10 -4.29193470e-12
2.30000000e+01 -7.74125363e-10 -8.46073505e-10 -6.43790205e-12
2.40000000e+01 -1.03216715e-09 -1.12809801e-09 -8.58386940e-12
2.50000000e+01 -1.29020894e-09 -1.41012251e-09 -1.07298368e-11
2.60000000e+01 -1.54825073e-09 -1.69214701e-09 -1.28758041e-11
2.70000000e+01 -1.80629251e-09 -1.97417151e-09 -1.50217715e-11
2.80000000e+01 -2.06433430e-09 -2.25619601e-09 -1.71677388e-11
2.90000000e+01 -2.32237609e-09 -2.53822052e-09 -1.93137062e-11
3.00000000e+01 -2.58041788e-09 -2.82024502e-09 -2.14596735e-11
3.10000000e+01 -2.83845966e-09 -3.10226952e-09 -2.36056409e-11
3.20000000e+01 -3.09650145e-09 -3.38429402e-09 -2.57516082e-11
3.30000000e+01 -3.35454324e-09 -3.66631852e-09 -2.78975756e-11
3.40000000e+01 -3.61258503e-09 -3.94834303e-09 -3.00435429e-11
3.50000000e+01 -3.87062681e-09 -4.23036753e-09 -3.21895103e-11
3.60000000e+01 -4.12866860e-09 -4.51239203e-09 -3.43354776e-11
3.70000000e+01 -4.38671039e-09 -4.79441653e-09 -3.64814450e-11
3.80000000e+01 -4.64475218e-09 -5.07644103e-09 -3.86274123e-11
3.90000000e+01 -4.90279396e-09 -5.35846553e-09 -4.07733797e-11
4.00000000e+01 -5.16083575e-09 -5.64049004e-09 -4.29193470e-11
4.10000000e+01 -5.10975628e-09 -5.58466300e-09 -4.24943740e-11
4.20000000e+01 -5.05867681e-09 -5.52883596e-09 -4.20694010e-11
4.30000000e+01 -5.00759735e-09 -5.47300892e-09 -4.16444279e-11
4.40000000e+01 -4.95651788e-09 -5.41718188e-09 -4.12194549e-11
4.50000000e+01 -4.90543841e-09 -5.36135485e-09 -4.07944819e-11
4.60000000e+01 -4.85435894e-09 -5.30552781e-09 -4.03695088e-11
4.70000000e+01 -4.80327947e-09 -5.24970077e-09 -3.99445358e-11
4.80000000e+01 -4.75220000e-09 -5.19387373e-09 -3.95195628e-11
4.90000000e+01 -4.70112053e-09 -5.13804669e-09 -3.90945898e-11
5.00000000e+01 -4.65004106e-09 -5.08221966e-09 -3.86696167e-11
5.10000000e+01 -4.59896159e-09 -5.02639262e-09 -3.82446437e-11
5.20000000e+01 -4.54788212e-09 -4.97056558e-09 -3.78196707e-11
5.30000000e+01 -4.49680266e-09 -4.91473854e-09 -3.73946976e-11
5.40000000e+01 -4.44572319e-09 -4.85891150e-09 -3.69697246e-11
5.50000000e+01 -4.39464372e-09 -4.80308447e-09 -3.65447516e-11
5.60000000e+01 -4.34356425e-09 -4.74725743e-09 -3.61197785e-11
5.70000000e+01 -4.29248478e-09 -4.69143039e-09 -3.56948055e-11
5.80000000e+01 -4.24140531e-09 -4.63560335e-09 -3.52698325e-11
5.90000000e+01 -4.19032584e-09 -4.57977632e-09 -3.48448595e-11
6.00000000e+01 -4.13924637e-09 -4.52394928e-09 -3.44198864e-11
6.10000000e+01 -4.09827811e-09 -4.47917325e-09 -3.40790749e-11
6.20000000e+01 -4.05730985e-09 -4.43439723e-09 -3.37382634e-11
6.30000000e+01 -4.01634159e-09 -4.38962121e-09 -3.33974518e-11
6.40000000e+01 -3.97537333e-09 -4.34484518e-09 -3.30566403e-11
6.50000000e+01 -3.93440506e-09 -4.30006916e-09 -3.27158288e-11
6.60000000e+01 -3.89343680e-09 -4.25529314e-09 -3.23750173e-11
6.70000000e+01 -3.85246854e-09 -4.21051712e-09 -3.20342057e-11
6.80000000e+01 -3.81150028e-09 -4.16574109e-09 -3.16933942e-11
6.90000000e+01 -3.77053202e-09 -4.12096507e-09 -3.13525827e-11
7.00000000e+01 -3.72956376e-09 -4.07618905e-09 -3.10117712e-11
7.10000000e+01 -3.68859550e-09 -4.03141302e-09 -3.06709596e-11
7.20000000e+01 -3.64762723e-09 -3.98663700e-09 -3.03301481e-11
7.30000000e+01 -3.60665897e-09 -3.94186098e-09 -2.99893366e-11
7.40000000e+01 -3.56569071e-09 -3.89708495e-09 -2.96485250e-11
7.50000000e+01 -3.52472245e-09 -3.85230893e-09 -2.93077135e-11
7.60000000e+01 -3.48375419e-09 -3.80753291e-09 -2.89669020e-11
7.70000000e+01 -3.44278593e-09 -3.76275688e-09 -2.86260905e-11
7.80000000e+01 -3.40181766e-09 -3.71798086e-09 -2.82852789e-11
7.90000000e+01 -3.36084940e-09 -3.67320484e-09 -2.79444674e-11
8.00000000e+01 -3.31988114e-09 -3.62842881e-09 -2.76036559e-11
8.10000000e+01 -3.28702257e-09 -3.59251625e-09 -2.73303326e-11
8.20000000e+01 -3.25416400e-09 -3.55660369e-09 -2.70570094e-11
8.30000000e+01 -3.22130543e-09 -3.52069113e-09 -2.67836862e-11
8.40000000e+01 -3.18844686e-09 -3.48477857e-09 -2.65103629e-11
8.50000000e+01 -3.15558829e-09 -3.44886601e-09 -2.62370397e-11
8.60000000e+01 -3.12272972e-09 -3.41295345e-09 -2.59637164e-11
8.70000000e+01 -3.08987115e-09 -3.37704089e-09 -2.56903932e-11
8.80000000e+01 -3.05701258e-09 -3.34112833e-09 -2.54170700e-11
8.90000000e+01 -3.02415401e-09 -3.30521576e-09 -2.51437467e-11
9.00000000e+01 -2.99129543e-09 -3.26930320e-09 -2.48704235e-11
9.10000000e+01 -2.95843686e-09 -3.23339064e-09 -2.45971002e-11
9.20000000e+01 -2.92557829e-09 -3.19747808e-09 -2.43237770e-11
9.30000000e+01 -2.89271972e-09 -3.16156552e-09 -2.40504537e-11
9.40000000e+01 -2.85986115e-09 -3.12565296e-09 -2.37771305e-11
9.50000000e+01 -2.82700258e-09 -3.08974040e-09 -2.35038073e-11
9.60000000e+01 -2.79414401e-09 -3.05382784e-09 -2.32304840e-11
9.70000000e+01 -2.76128544e-09 -3.01791528e-09 -2.29571608e-11
9.80000000e+01 -2.72842687e-09 -2.98200271e-09 -2.26838375e-11
9.90000000e+01 -2.69556830e-09 -2.94609015e-09 -2.24105143e-11
1.00000000e+02 -2.66270973e-09 -2.91017759e-09 -2.21371911e-11
1.01000000e+02 -2.63635552e-09 -2.88137396e-09 -2.19179945e-11
1.02000000e+02 -2.61000132e-09 -2.85257032e-09 -2.16987978e-11
1.03000000e+02 -2.58364712e-09 -2.82376668e-09 -2.14796012e-11
1.04000000e+02 -2.55729291e-09 -2.79496305e-09 -2.12604046e-11
1.05000000e+02 -2.53093871e-09 -2.76615941e-09 -2.10412080e-11
1.06000000e+02 -2.50458450e-09 -2.73735577e-09 -2.08220114e-11
1.07000000e+02 -2.47823030e-09 -2.70855214e-09 -2.06028148e-11
1.08000000e+02 -2.45187610e-09 -2.67974850e-09 -2.03836182e-11
1.09000000e+02 -2.42552189e-09 -2.65094486e-09 -2.01644215e-11
1.10000000e+02 -2.39916769e-09 -2.62214123e-09 -1.99452249e-11
1.11000000e+02 -2.37281348e-09 -2.59333759e-09 -1.97260283e-11
1.12000000e+02 -2.34645928e-09 -2.56453395e-09 -1.95068317e-11
1.13000000e+02 -2.32010508e-09 -2.53573032e-09 -1.92876351e-11
1.14000000e+02 -2.29375087e-09 -2.50692668e-09 -1.90684385e-11
1.15000000e+02 -2.26739667e-09 -2.47812304e-09 -1.88492419e-11
1.16000000e+02 -2.24104246e-09 -2.44931941e-09 -1.86300453e-11
1.17000000e+02 -2.21468826e-09 -2.42051577e-09 -1.84108486e-11
1.18000000e+02 -2.18833406e-09 -2.39171214e-09 -1.81916520e-11
1.19000000e+02 -2.16197985e-09 -2.36290850e-09 -1.79724554e-11
1.20000000e+02 -2.13562565e-09 -2.33410486e-09 -1.77532588e-11
1.21000000e+02 -2.11448827e-09 -2.31100294e-09 -1.75774736e-11
1.22000000e+02 -2.09335088e-09 -2.28790102e-09 -1.74016884e-11
1.23000000e+02 -2.07221350e-09 -2.26479910e-09 -1.72259031e-11
1.24000000e+02 -2.05107612e-09 -2.24169717e-09 -1.70501179e-11
1.25000000e+02 -2.02993874e-09 -2.21859525e-09 -1.68743327e-11
1.26000000e+02 -2.00880135e-09 -2.19549333e-09 -1.66985475e-11
1.27000000e+02 -1.98766397e-09 -2.17239141e-09 -1.65227622e-11
1.28000000e+02 -1.96652659e-09 -2.14928948e-09 -1.63469770e-11
1.29000000e+02 -1.94538921e-09 -2.12618756e-09 -1.61711918e-11
1.30000000e+02 -1.92425182e-09 -2.10308564e-09 -1.59954066e-11
1.31000000e+02 -1.90311444e-09 -2.07998372e-09 -1.58196214e-11
1.32000000e+02 -1.88197706e-09 -2.05688180e-09 -1.56438361e-11
1.33000000e+02 -1.86083968e-09 -2.03377987e-09 -1.54680509e-11
1.34000000e+02 -1.83970229e-09 -2.01067795e-09 -1.52922657e-11
1.35000000e+02 -1.81856491e-09 -1.98757603e-09 -1.51164805e-11
1.36000000e+02 -1.79742753e-09 -1.96447411e-09 -1.49406952e-11
1.37000000e+02 -1.77629015e-09 -1.94137218e-09 -1.47649100e-11
1.38000000e+02 -1.75515276e-09 -1.91827026e-09 -1.45891248e-11
1.39000000e+02 -1.73401538e-09 -1.89516834e-09 -1.44133396e-11
1.40000000e+02 -1.71287800e-09 -1.87206642e-09 -1.42375544e-11
1.41000000e+02 -1.69592477e-09 -1.85353755e-09 -1.40965818e-11
1.42000000e+02 -1.67897155e-09 -1.83500868e-09 -1.39556092e-11
1.43000000e+02 -1.66201832e-09 -1.81647981e-09 -1.38146366e-11
1.44000000e+02 -1.64506510e-09 -1.79795094e-09 -1.36736640e-11
1.45000000e+02 -1.62811187e-09 -1.77942207e-09 -1.35326914e-11
1.46000000e+02 -1.61115865e-09 -1.76089320e-09 -1.33917188e-11
1.47000000e+02 -1.59420542e-09 -1.74236433e-09 -1.32507462e-11
1.48000000e+02 -1.57725220e-09 -1.72383546e-09 -1.31097736e-11
1.49000000e+02 -1.56029897e-09 -1.70530659e-09 -1.29688010e-11
1.50000000e+02 -1.54334575e-09 -1.68677772e-09 -1.28278284e-11
1.51000000e+02 -1.52639252e-09 -1.66824885e-09 -1.26868558e-11
1.52000000e+02 -1.50943930e-09 -1.64971998e-09 -1.25458832e-11
1.53000000e+02 -1.49248607e-09 -1.63119111e-09 -1.24049107e-11
1.54000000e+02 -1.47553285e-09 -1.61266224e-09 -1.22639381e-11
1.55000000e+02 -1.45857962e-09 -1.59413337e-09 -1.21229655e-11
1.56000000e+02 -1.44162640e-09 -1.57560450e-09 -1.19819929e-11
1.57000000e+02 -1.42467317e-09 -1.55707563e-09 -1.18410203e-11
1.58000000e+02 -1.40771995e-09 -1.53854676e-09 -1.17000477e-11
1.59000000e+02 -1.39076672e-09 -1.52001789e-09 -1.15590751e-11
1.60000000e+02 -1.37381349e-09 -1.50148902e-09 -1.14181025e-11
1.61000000e+02 -1.36021616e-09 -1.48662795e-09 -1.13050430e-11
1.62000000e+02 -1.34661882e-09 -1.47176688e-09 -1.11919835e-11
1.63000000e+02 -1.33302149e-09 -1.45690581e-09 -1.10789240e-11
1.64000000e+02 -1.31942415e-09 -1.44204474e-09 -1.09658644e-11
1.65000000e+02 -1.30582682e-09 -1.42718367e-09 -1.08528049e-11
1.66000000e+02 -1.29222948e-09 -1.41232261e-09 -1.07397454e-11
1.67000000e+02 -1.27863215e-09 -1.39746154e-09 -1.06266859e-11
1.68000000e+02 -1.26503481e-09 -1.38260047e-09 -1.05136264e-11
1.69000000e+02 -1.25143747e-09 -1.36773940e-09 -1.04005669e-11
1.70000000e+02 -1.23784014e-09 -1.35287833e-09 -1.02875074e-11
1.71000000e+02 -1.22424280e-09 -1.33801726e-09 -1.01744479e-11
1.72000000e+02 -1.21064547e-09 -1.32315619e-09 -1.00613883e-11
1.73000000e+02 -1.19704813e-09 -1.30829512e-09 -9.94832883e-12
1.74000000e+02 -1.18345080e-09 -1.29343405e-09 -9.83526932e-12
1.75000000e+02 -1.16985346e-09 -1.27857298e-09 -9.72220980e-12
1.76000000e+02 -1.15625613e-09 -1.26371192e-09 -9.60915029e-12
1.77000000e+02 -1.14265879e-09 -1.24885085e-09 -9.49609078e-12
1.78000000e+02 -1.12906146e-09 -1.23398978e-09 -9.38303126e-12
1.79000000e+02 -1.11546412e-09 -1.21912871e-09 -9.26997175e-12
1.80000000e+02 -1.10186678e-09 -1.20426764e-09 -9.15691224e-12
1.81000000e+02 -1.09096105e-09 -1.19234834e-09 -9.06624155e-12
1.82000000e+02 -1.08005531e-09 -1.18042904e-09 -8.97557087e-12
1.83000000e+02 -1.06914957e-09 -1.16850973e-09 -8.88490018e-12
1.84000000e+02 -1.05824383e-09 -1.15659043e-09 -8.79422950e-12
1.85000000e+02 -1.04733809e-09 -1.14467113e-09 -8.70355881e-12
1.86000000e+02 -1.03643235e-09 -1.13275183e-09 -8.61288813e-12
1.87000000e+02 -1.02552661e-09 -1.12083253e-09 -8.52221745e-12
1.88000000e+02 -1.01462087e-09 -1.10891322e-09 -8.43154676e-12
1.89000000e+02 -1.00371514e-09 -1.09699392e-09 -8.34087608e-12
1.90000000e+02 -9.92809397e-10 -1.08507462e-09 -8.25020539e-12
1.91000000e+02 -9.81903659e-10 -1.07315532e-09 -8.15953471e-12
1.92000000e+02 -9.70997920e-10 -1.06123602e-09 -8.06886402e-12
1.93000000e+02 -9.60092181e-10 -1.04931671e-09 -7.97819334e-12
1.94000000e+02 -9.49186443e-10 -1.03739741e-09 -7.88752265e-12
1.95000000e+02 -9.38280704e-10 -1.02547811e-09 -7.79685197e-12
1.96000000e+02 -9.27374965e-10 -1.01355881e-09 -7.70618128e-12
1.97000000e+02 -9.16469226e-10 -1.00163951e-09 -7.61551060e-12
1.98000000e+02 -9.05563488e-10 -9.89720204e-10 -7.52483992e-12
1.99000000e+02 -8.94657749e-10 -9.77800902e-10 -7.43416923e-12
2.00000000e+02 -8.83752010e-10 -9.65881600e-10 -7.34349855e-12
2.01000000e+02 -8.75005068e-10 -9.56321737e-10 -7.27078476e-12
2.02000000e+02 -8.66258125e-10 -9.46761875e-10 -7.19807097e-12
2.03000000e+02 -8.57511182e-10 -9.37202012e-10 -7.12535718e-12
2.04000000e+02 -8.48764239e-10 -9.27642149e-10 -7.05264339e-12
2.05000000e+02 -8.40017297e-10 -9.18082286e-10 -6.97992961e-12
2.06000000e+02 -8.31270354e-10 -9.08522424e-10 -6.90721582e-12
2.07000000e+02 -8.22523411e-10 -8.98962561e-10 -6.83450203e-12
2.08000000e+02 -8.13776468e-10 -8.89402698e-10 -6.76178824e-12
2.09000000e+02 -8.05029525e-10 -8.79842836e-10 -6.68907446e-12
2.10000000e+02 -7.96282583e-10 -8.70282973e-10 -6.61636067e-12
2.11000000e+02 -7.87535640e-10 -8.60723110e-10 -6.54364688e-12
2.12000000e+02 -7.78788697e-10 -8.51163248e-10 -6.47093309e-12
2.13000000e+02 -7.70041754e-10 -8.41603385e-10 -6.39821930e-12
2.14000000e+02 -7.61294811e-10 -8.32043522e-10 -6.32550552e-12
2.15000000e+02 -7.52547869e-10 -8.22483659e-10 -6.25279173e-12
2.16000000e+02 -7.43800926e-10 -8.12923797e-10 -6.18007794e-12
2.17000000e+02 -7.35053983e-10 -8.03363934e-10 -6.10736415e-12
2.18000000e+02 -7.26307040e-10 -7.93804071e-10 -6.03465036e-12
2.19000000e+02 -7.17560097e-10 -7.84244209e-10 -5.96193658e-12
2.20000000e+02 -7.08813155e-10 -7.74684346e-10 -5.88922279e-12
2.21000000e+02 -7.01797670e-10 -7.67016867e-10 -5.83091328e-12
2.22000000e+02 -6.94782186e-10 -7.59349389e-10 -5.77260376e-12
2.23000000e+02 -6.87766702e-10 -7.51681910e-10 -5.71429425e-12
2.24000000e+02 -6.80751217e-10 -7.44014431e-10 -5.65598474e-12
2.25000000e+02 -6.73735733e-10 -7.36346952e-10 -5.59767523e-12
2.26000000e+02 -6.66720249e-10 -7.28679474e-10 -5.53936571e-12
2.27000000e+02 -6.59704764e-10 -7.21011995e-10 -5.48105620e-12
2.28000000e+02 -6.52689280e-10 -7.13344516e-10 -5.42274669e-12
2.29000000e+02 -6.45673796e-10 -7.05677037e-10 -5.36443718e-12
2.30000000e+02 -6.38658311e-10 -6.98009559e-10 -5.30612767e-12
2.31000000e+02 -6.31642827e-10 -6.90342080e-10 -5.24781815e-12
2.32000000e+02 -6.24627343e-10 -6.82674601e-10 -5.18950864e-12
2.33000000e+02 -6.17611858e-10 -6.75007122e-10 -5.13119913e-12
2.34000000e+02 -6.10596374e-10 -6.67339644e-10 -5.07288962e-12
2.35000000e+02 -6.03580890e-10 -6.59672165e-10 -5.01458010e-12
2.36000000e+02 -5.96565405e-10 -6.52004686e-10 -4.95627059e-12
2.37000000e+02 -5.89549921e-10 -6.44337207e-10 -4.89796108e-12
2.38000000e+02 -5.82534437e-10 -6.36669729e-10 -4.83965157e-12
2.39000000e+02 -5.75518952e-10 -6.29002250e-10 -4.78134205e-12
2.40000000e+02 -5.68503468e-10 -6.21334771e-10 -4.72303254e-12
2.41000000e+02 -5.62876698e-10 -6.15185075e-10 -4.67626337e-12
2.42000000e+02 -5.57249928e-10 -6.09035378e-10 -4.62949419e-12
2.43000000e+02 -5.51623158e-10 -6.02885682e-10 -4.58272502e-12
2.44000000e+02 -5.45996388e-10 -5.96735985e-10 -4.53595584e-12
2.45000000e+02 -5.40369618e-10 -5.90586288e-10 -4.48918666e-12
2.46000000e+02 -5.34742848e-10 -5.84436592e-10 -4.44241749e-12
2.47000000e+02 -5.29116078e-10 -5.78286895e-10 -4.39564831e-12
2.48000000e+02 -5.23489308e-10 -5.72137199e-10 -4.34887914e-12
2.49000000e+02 -5.17862538e-10 -5.65987502e-10 -4.30210996e-12
2.50000000e+02 -5.12235768e-10 -5.59837806e-10 -4.25534079e-12
2.51000000e+02 -5.06608998e-10 -5.53688109e-10 -4.20857161e-12
2.52000000e+02 -5.00982228e-10 -5.47538412e-10 -4.16180244e-12
2.53000000e+02 -4.95355458e-10 -5.41388716e-10 -4.11503326e-12
2.54000000e+02 -4.89728688e-10 -5.35239019e-10 -4.06826409e-12
2.55000000e+02 -4.84101918e-10 -5.29089323e-10 -4.02149491e-12
2.56000000e+02 -4.78475148e-10 -5.22939626e-10 -3.97472573e-12
2.57000000e+02 -4.72848378e-10 -5.16789930e-10 -3.92795656e-12
2.58000000e+02 -4.67221608e-10 -5.10640233e-10 -3.88118738e-12
2.59000000e+02 -4.61594838e-10 -5.04490536e-10 -3.83441821e-12
2.60000000e+02 -4.55968068e-10 -4.98340840e-10 -3.78764903e-12
2.61000000e+02 -4.51455124e-10 -4.93408487e-10 -3.75014634e-12
2.62000000e+02 -4.46942180e-10 -4.88476134e-10 -3.71264364e-12
2.63000000e+02 -4.42429236e-10 -4.83543781e-10 -3.67514095e-12
2.64000000e+02 -4.37916292e-10 -4.78611428e-10 -3.63763825e-12
2.65000000e+02 -4.33403347e-10 -4.73679075e-10 -3.60013556e-12
2.66000000e+02 -4.28890403e-10 -4.68746722e-10 -3.56263286e-12
2.67000000e+02 -4.24377459e-10 -4.63814369e-10 -3.52513017e-12
2.68000000e+02 -4.19864515e-10 -4.58882016e-10 -3.48762747e-12
2.69000000e+02 -4.15351571e-10 -4.53949663e-10 -3.45012478e-12
2.70000000e+02 -4.10838627e-10 -4.49017310e-10 -3.41262209e-12
2.71000000e+02 -4.06325683e-10 -4.44084957e-10 -3.37511939e-12
2.72000000e+02 -4.01812738e-10 -4.39152604e-10 -3.33761670e-12
2.73000000e+02 -3.97299794e-10 -4.34220251e-10 -3.30011400e-12
2.74000000e+02 -3.92786850e-10 -4.29287898e-10 -3.26261131e-12
2.75000000e+02 -3.88273906e-10 -4.24355545e-10 -3.22510861e-12
2.76000000e+02 -3.83760962e-10 -4.19423192e-10 -3.18760592e-12
2.77000000e+02 -3.79248018e-10 -4.14490839e-10 -3.15010322e-12
2.78000000e+02 -3.74735074e-10 -4.09558486e-10 -3.11260053e-12
2.79000000e+02 -3.70222129e-10 -4.04626133e-10 -3.07509783e-12
2.80000000e+02 -3.65709170e-10 -3.99693801e-10 -3.03761617e-12
2.81000000e+02 2.69302318e-04 -3.77049893e-04 -3.78860050e-04
2.82000000e+02 5.38605002e-04 -7.54099386e-04 -7.57720098e-04
2.83000000e+02 8.07907686e-04 -1.13114888e-03 -1.13658014e-03
2.84000000e+02 1.07721037e-03 -1.50819837e-03 -1.51544019e-03
2.85000000e+02 1.34651305e-03 -1.88524787e-03 -1.89430024e-03
2.86000000e+02 1.61581574e-03 -2.26229736e-03 -2.27316029e-03
2.87000000e+02 1.88511842e-03 -2.63934685e-03 -2.65202033e-03
2.88000000e+02 2.15442111e-03 -3.01639634e-03 -3.03088038e-03
2.89000000e+02 2.42372379e-03 -3.39344584e-03 -3.40974043e-03
2.90000000e+02 2.69302647e-03 -3.77049533e-03 -3.78860048e-03
2.91000000e+02 2.96232916e-03 -4.14754482e-03 -4.16746052e-03
2.92000000e+02 3.23163184e-03 -4.52459432e-03 -4.54632057e-03
2.93000000e+02 3.50093453e-03 -4.90164381e-03 -4.92518062e-03
2.94000000e+02 3.77023721e-03 -5.27869330e-03 -5.30404066e-03
2.95000000e+02 4.03953989e-03 -5.65574280e-03 -5.68290071e-03
2.96000000e+02 4.30884258e-03 -6.03279229e-03 -6.06176076e-03
2.97000000e+02 4.57814526e-03 -6.40984178e-03 -6.44062081e-03
2.98000000e+02 4.84744795e-03 -6.78689128e-03 -6.81948085e-03
2.99000000e+02 5.11675063e-03 -7.16394077e-03 -7.19834090e-03
3.00000000e+02 5.38605331e-03 -7.54099026e-03 -7.57720095e-03
3.01000000e+02 6.65712796e-03 -9.35559160e-03 -9.61235297e-03
3.02000000e+02 7.92820260e-03 -1.11701929e-02 -1.16475050e-02
3.03000000e+02 9.19927724e-03 -1.29847943e-02 -1.36826570e-02
3.04000000e+02 1.04703519e-02 -1.47993956e-02 -1.57178090e-02
3.05000000e+02 1.17414265e-02 -1.66139969e-02 -1.77529610e-02
3.06000000e+02 1.30125012e-02 -1.84285983e-02 -1.97881131e-02
3.07000000e+02 1.42835758e-02 -2.02431996e-02 -2.18232651e-02
3.08000000e+02 1.55546504e-02 -2.20578009e-02 -2.38584171e-02
3.09000000e+02 1.68257251e-02 -2.38724023e-02 -2.58935691e-02
3.10000000e+02 1.80967997e-02 -2.56870036e-02 -2.79287211e-02
3.11000000e+02 1.93678744e-02 -2.75016049e-02 -2.99638731e-02
3.12000000e+02 2.06389490e-02 -2.93162063e-02 -3.19990252e-02
3.13000000e+02 2.19100237e-02 -3.11308076e-02 -3.40341772e-02
3.14000000e+02 2.31810983e-02 -3.29454089e-02 -3.60693292e-02
3.15000000e+02 2.44521729e-02 -3.47600103e-02 -3.81044812e-02
3.16000000e+02 2.57232476e-02 -3.65746116e-02 -4.01396332e-02
3.17000000e+02 2.69943222e-02 -3.83892129e-02 -4.21747852e-02
3.18000000e+02 2.82653969e-02 -4.02038143e-02 -4.42099373e-02
3.19000000e+02 2.95364715e-02 -4.20184156e-02 -4.62450893e-02
3.20000000e+02 3.08075462e-02 -4.38330170e-02 -4.82802413e-02
3.21000000e+02 3.14964960e-02 -4.48370857e-02 -4.99606989e-02
3.22000000e+02 3.21854458e-02 -4.58411545e-02 -5.16411564e-02
3.23000000e+02 3.28743957e-02 -4.68452233e-02 -5.33216140e-02
3.24000000e+02 3.35633455e-02 -4.78492920e-02 -5.50020715e-02
3.25000000e+02 3.42522954e-02 -4.88533608e-02 -5.66825291e-02
3.26000000e+02 3.49412452e-02 -4.98574296e-02 -5.83629867e-02
3.27000000e+02 3.56301951e-02 -5.08614983e-02 -6.00434442e-02
3.28000000e+02 3.63191449e-02 -5.18655671e-02 -6.17239018e-02
3.29000000e+02 3.70080948e-02 -5.28696359e-02 -6.34043594e-02
3.30000000e+02 3.76970446e-02 -5.38737047e-02 -6.50848169e-02
3.31000000e+02 3.83859945e-02 -5.48777734e-02 -6.67652745e-02
3.32000000e+02 3.90749443e-02 -5.58818422e-02 -6.84457320e-02
3.33000000e+02 3.97638942e-02 -5.68859110e-02 -7.01261896e-02
3.34000000e+02 4.04528440e-02 -5.78899797e-02 -7.18066472e-02
3.35000000e+02 4.11417939e-02 -5.88940485e-02 -7.34871047e-02
3.36000000e+02 4.18307437e-02 -5.98981173e-02 -7.51675623e-02
3.37000000e+02 4.25196936e-02 -6.09021861e-02 -7.68480199e-02
3.38000000e+02 4.32086434e-02 -6.19062548e-02 -7.85284774e-02
3.39000000e+02 4.38975933e-02 -6.29103236e-02 -8.02089350e-02
3.40000000e+02 4.45865431e-02 -6.39143924e-02 -8.18893925e-02
3.41000000e+02 4.39137386e-02 -6.31279177e-02 -8.20534477e-02
3.42000000e+02 4.32409340e-02 -6.23414430e-02 -8.22175029e-02
3.43000000e+02 4.25681295e-02 -6.15549683e-02 -8.23815581e-02
3.44000000e+02 4.18953250e-02 -6.07684937e-02 -8.25456132e-02
3.45000000e+02 4.12225204e-02 -5.99820190e-02 -8.27096684e-02
3.46000000e+02 4.05497159e-02 -5.91955443e-02 -8.28737236e-02
3.47000000e+02 3.98769114e-02 -5.84090696e-02 -8.30377787e-02
3.48000000e+02 3.92041068e-02 -5.76225949e-02 -8.32018339e-02
3.49000000e+02 3.85313023e-02 -5.68361203e-02 -8.33658891e-02
3.50000000e+02 3.78584978e-02 -5.60496456e-02 -8.35299443e-02
3.51000000e+02 3.71856932e-02 -5.52631709e-02 -8.36939994e-02
3.52000000e+02 3.65128887e-02 -5.44766962e-02 -8.38580546e-02
3.53000000e+02 3.58400842e-02 -5.36902215e-02 -8.40221098e-02
3.54000000e+02 3.51672796e-02 -5.29037469e-02 -8.41861650e-02
3.55000000e+02 3.44944751e-02 -5.21172722e-02 -8.43502201e-02
3.56000000e+02 3.38216706e-02 -5.13307975e-02 -8.45142753e-02
3.57000000e+02 3.31488660e-02 -5.05443228e-02 -8.46783305e-02
3.58000000e+02 3.24760615e-02 -4.97578481e-02 -8.48423857e-02
3.59000000e+02 3.18032570e-02 -4.89713735e-02 -8.50064408e-02
3.60000000e+02 3.11304524e-02 -4.81848988e-02 -8.51704960e-02
3.61000000e+02 2.94005724e-02 -4.61579755e-02 -8.43441223e-02
3.62000000e+02 2.76706924e-02 -4.41310521e-02 -8.35177486e-02
3.63000000e+02 2.59408123e-02 -4.21041288e-02 -8.26913749e-02
3.64000000e+02 2.42109323e-02 -4.00772055e-02 -8.18650012e-02
3.65000000e+02 2.24810523e-02 -3.80502822e-02 -8.10386275e-02
3.66000000e+02 2.07511723e-02 -3.60233589e-02 -8.02122537e-02
3.67000000e+02 1.90212922e-02 -3.39964356e-02 -7.93858800e-02
3.68000000e+02 1.72914122e-02 -3.19695122e-02 -7.85595063e-02
3.69000000e+02 1.55615322e-02 -2.99425889e-02 -7.77331326e-02
3.70000000e+02 1.38316522e-02 -2.79156656e-02 -7.69067589e-02
3.71000000e+02 1.21017721e-02 -2.58887423e-02 -7.60803852e-02
3.72000000e+02 1.03718921e-02 -2.38618190e-02 -7.52540115e-02
3.73000000e+02 8.64201208e-03 -2.18348956e-02 -7.44276378e-02
3.74000000e+02 6.91213205e-03 -1.98079723e-02 -7.36012641e-02
3.75000000e+02 5.18225203e-03 -1.77810490e-02 -7.27748904e-02
3.76000000e+02 3.45237200e-03 -1.57541257e-02 -7.19485167e-02
3.77000000e+02 1.72249197e-03 -1.37272024e-02 -7.11221429e-02
3.78000000e+02 -7.38805476e-06 -1.17002790e-02 -7.02957692e-02
3.79000000e+02 -1.73726808e-03 -9.67335572e-03 -6.94693955e-02
3.80000000e+02 -3.46714811e-03 -7.64643240e-03 -6.86430218e-02
3.81000000e+02 -5.29102468e-03 -5.49298037e-03 -6.77456546e-02
3.82000000e+02 -7.11490126e-03 -3.33952834e-03 -6.68482875e-02
3.83000000e+02 -8.93877784e-03 -1.18607630e-03 -6.59509203e-02
3.84000000e+02 -1.07626544e-02 9.67375731e-04 -6.50535531e-02
3.85000000e+02 -1.25865310e-02 3.12082776e-03 -6.41561860e-02
3.86000000e+02 -1.44104076e-02 5.27427980e-03 -6.32588188e-02
3.87000000e+02 -1.62342841e-02 7.42773183e-03 -6.23614516e-02
3.88000000e+02 -1.80581607e-02 9.58118386e-03 -6.14640844e-02
3.89000000e+02 -1.98820373e-02 1.17346359e-02 -6.05667173e-02
3.90000000e+02 -2.17059139e-02 1.38880879e-02 -5.96693501e-02
3.91000000e+02 -2.35297904e-02 1.60415400e-02 -5.87719829e-02
3.92000000e+02 -2.53536670e-02 1.81949920e-02 -5.78746158e-02
3.93000000e+02 -2.71775436e-02 2.03484440e-02 -5.69772486e-02
3.94000000e+02 -2.90014202e-02 2.25018961e-02 -5.60798814e-02
3.95000000e+02 -3.08252968e-02 2.46553481e-02 -5.51825143e-02
3.96000000e+02 -3.26491733e-02 2.68088001e-02 -5.42851471e-02
3.97000000e+02 -3.44730499e-02 2.89622522e-02 -5.33877799e-02
3.98000000e+02 -3.62969265e-02 3.11157042e-02 -5.24904127e-02
3.99000000e+02 -3.81208031e-02 3.32691562e-02 -5.15930456e-02
4.00000000e+02 -3.99446796e-02 3.54226083e-02 -5.06956784e-02
4.01000000e+02 -4.10123294e-02 3.67490782e-02 -4.98599444e-02
4.02000000e+02 -4.20799791e-02 3.80755481e-02 -4.90242103e-02
4.03000000e+02 -4.31476288e-02 3.94020179e-02 -4.81884763e-02
4.04000000e+02 -4.42152785e-02 4.07284878e-02 -4.73527423e-02
4.05000000e+02 -4.52829282e-02 4.20549577e-02 -4.65170083e-02
4.06000000e+02 -4.63505779e-02 4.33814276e-02 -4.56812742e-02
4.07000000e+02 -4.74182277e-02 4.47078975e-02 -4.48455402e-02
4.08000000e+02 -4.84858774e-02 4.60343674e-02 -4.40098062e-02
4.09000000e+02 -4.95535271e-02 4.73608373e-02 -4.31740722e-02
4.10000000e+02 -5.06211768e-02 4.86873072e-02 -4.23383381e-02
4.11000000e+02 -5.16888265e-02 5.00137771e-02 -4.15026041e-02
4.12000000e+02 -5.27564763e-02 5.13402470e-02 -4.06668701e-02
4.13000000e+02 -5.38241260e-02 5.26667169e-02 -3.98311360e-02
4.14000000e+02 -5.48917757e-02 5.39931868e-02 -3.89954020e-02
4.15000000e+02 -5.59594254e-02 5.53196567e-02 -3.81596680e-02
4.16000000e+02 -5.70270751e-02 5.66461266e-02 -3.73239340e-02
4.17000000e+02 -5.80947249e-02 5.79725965e-02 -3.64881999e-02
4.18000000e+02 -5.91623746e-02 5.92990663e-02 -3.56524659e-02
4.19000000e+02 -6.02300243e-02 6.06255362e-02 -3.48167319e-02
4.20000000e+02 -6.12976740e-02 6.19520061e-02 -3.39809979e-02
4.21000000e+02 -6.11966796e-02 6.19744082e-02 -3.30761953e-02
4.22000000e+02 -6.10956852e-02 6.19968103e-02 -3.21713928e-02
4.23000000e+02 -6.09946908e-02 6.20192123e-02 -3.12665903e-02
4.24000000e+02 -6.08936964e-02 6.20416144e-02 -3.03617878e-02
4.25000000e+02 -6.07927019e-02 6.20640165e-02 -2.94569853e-02
4.26000000e+02 -6.06917075e-02 6.20864186e-02 -2.85521828e-02
4.27000000e+02 -6.05907131e-02 6.21088206e-02 -2.76473803e-02
4.28000000e+02 -6.04897187e-02 6.21312227e-02 -2.67425778e-02
4.29000000e+02 -6.03887243e-02 6.21536248e-02 -2.58377753e-02
4.30000000e+02 -6.02877299e-02 6.21760268e-02 -2.49329728e-02
4.31000000e+02 -6.01867355e-02 6.21984289e-02 -2.40281703e-02
4.32000000e+02 -6.00857410e-02 6.22208310e-02 -2.31233678e-02
4.33000000e+02 -5.99847466e-02 6.22432331e-02 -2.22185652e-02
4.34000000e+02 -5.98837522e-02 6.22656351e-02 -2.13137627e-02
4.35000000e+02 -5.97827578e-02 6.22880372e-02 -2.04089602e-02
4.36000000e+02 -5.96817634e-02 6.23104393e-02 -1.95041577e-02
4.37000000e+02 -5.95807690e-02 6.23328413e-02 -1.85993552e-02
4.38000000e+02 -5.94797746e-02 6.23552434e-02 -1.76945527e-02
4.39000000e+02 -5.93787801e-02 6.23776455e-02 -1.67897502e-02
4.40000000e+02 -5.92777857e-02 6.24000475e-02 -1.58849477e-02
4.41000000e+02 -5.80664677e-02 6.11792899e-02 -1.51258819e-02
4.42000000e+02 -5.68551496e-02 5.99585323e-02 -1.43668161e-02
4.43000000e+02 -5.56438315e-02 5.87377747e-02 -1.36077502e-02
4.44000000e+02 -5.44325134e-02 5.75170171e-02 -1.28486844e-02
4.45000000e+02 -5.32211954e-02 5.62962595e-02 -1.20896186e-02
4.46000000e+02 -5.20098773e-02 5.50755019e-02 -1.13305528e-02
4.47000000e+02 -5.07985592e-02 5.38547443e-02 -1.05714870e-02
4.48000000e+02 -4.95872412e-02 5.26339867e-02 -9.81242117e-03
4.49000000e+02 -4.83759231e-02 5.14132291e-02 -9.05335535e-03
4.50000000e+02 -4.71646050e-02 5.01924715e-02 -8.29428954e-03
4.51000000e+02 -4.59532869e-02 4.89717138e-02 -7.53522372e-03
4.52000000e+02 -4.47419689e-02 4.77509562e-02 -6.77615791e-03
4.53000000e+02 -4.35306508e-02 4.65301986e-02 -6.01709209e-03
4.54000000e+02 -4.23193327e-02 4.53094410e-02 -5.25802628e-03
4.55000000e+02 -4.11080147e-02 4.40886834e-02 -4.49896046e-03
4.56000000e+02 -3.98966966e-02 4.28679258e-02 -3.73989465e-03
4.57000000e+02 -3.86853785e-02 4.16471682e-02 -2.98082883e-03
4.58000000e+02 -3.74740605e-02 4.04264106e-02 -2.22176302e-03
4.59000000e+02 -3.62627424e-02 3.92056530e-02 -1.46269720e-03
4.60000000e+02 -3.50514243e-02 3.79848954e-02 -7.03631388e-04
4.61000000e+02 -3.35383825e-02 3.63657988e-02 -3.82670544e-04
4.62000000e+02 -3.20253407e-02 3.47467022e-02 -6.17096997e-05
4.63000000e+02 -3.05122989e-02 3.31276056e-02 2.59251145e-04
4.64000000e+02 -2.89992570e-02 3.15085090e-02 5.80211989e-04
4.65000000e+02 -2.74862152e-02 2.98894124e-02 9.01172833e-04
4.66000000e+02 -2.59731734e-02 2.82703158e-02 1.22213368e-03
4.67000000e+02 -2.44601316e-02 2.66512192e-02 1.54309452e-03
4.68000000e+02 -2.29470898e-02 2.50321226e-02 1.86405537e-03
4.69000000e+02 -2.14340479e-02 2.34130260e-02 2.18501621e-03
4.70000000e+02 -1.99210061e-02 2.17939294e-02 2.50597705e-03
4.71000000e+02 -1.84079643e-02 2.01748328e-02 2.82693790e-03
4.72000000e+02 -1.68949225e-02 1.85557362e-02 3.14789874e-03
4.73000000e+02 -1.53818807e-02 1.69366396e-02 3.46885959e-03
4.74000000e+02 -1.38688388e-02 1.53175430e-02 3.78982043e-03
4.75000000e+02 -1.23557970e-02 1.36984464e-02 4.11078128e-03
4.76000000e+02 -1.08427552e-02 1.20793498e-02 4.43174212e-03
4.77000000e+02 -9.32971339e-03 1.04602532e-02 4.75270296e-03
4.78000000e+02 -7.81667157e-03 8.84115656e-03 5.07366381e-03
4.79000000e+02 -6.30362975e-03 7.22205996e-03 5.39462465e-03
4.80000000e+02 -4.79058793e-03 5.60296336e-03 5.71558550e-03
4.81000000e+02 -4.47529452e-03 5.25394587e-03 5.70166020e-03
4.82000000e+02 -4.16000110e-03 4.90492837e-03 5.68773490e-03
4.83000000e+02 -3.84470769e-03 4.55591088e-03 5.67380960e-03
4.84000000e+02 -3.52941427e-03 4.20689339e-03 5.65988430e-03
4.85000000e+02 -3.21412085e-03 3.85787590e-03 5.64595900e-03
4.86000000e+02 -2.89882744e-03 3.50885840e-03 5.63203370e-03
4.87000000e+02 -2.58353402e-03 3.15984091e-03 5.61810840e-03
4.88000000e+02 -2.26824060e-03 2.81082342e-03 5.60418310e-03
4.89000000e+02 -1.95294719e-03 2.46180593e-03 5.59025780e-03
4.90000000e+02 -1.63765377e-03 2.11278843e-03 5.57633250e-03
4.91000000e+02 -1.32236035e-03 1.76377094e-03 5.56240720e-03
4.92000000e+02 -1.00706694e-03 1.41475345e-03 5.54848190e-03
4.93000000e+02 -6.91773521e-04 1.06573596e-03 5.53455661e-03
4.94000000e+02 -3.76480104e-04 7.16718465e-04 5.52063131e-03
4.95000000e+02 -6.11866877e-05 3.67700973e-04 5.50670601e-03
4.96000000e+02 2.54106729e-04 1.86834805e-05 5.49278071e-03
4.97000000e+02 5.69400145e-04 -3.30334012e-04 5.47885541e-03
4.98000000e+02 8.84693562e-04 -6.79351504e-04 5.46493011e-03
4.99000000e+02 1.19998698e-03 -1.02836900e-03 5.45100481e-03
5.00000000e+02 1.51528039e-03 -1.37738649e-03 5.43707951e-03
5.01000000e+02 1.49940266e-03 -1.35988629e-03 5.39759298e-03
5.02000000e+02 1.48352493e-03 -1.34238609e-03 5.35810646e-03
5.03000000e+02 1.46764719e-03 -1.32488589e-03 5.31861993e-03
5.04000000e+02 1.45176946e-03 -1.30738569e-03 5.27913341e-03
5.05000000e+02 1.43589173e-03 -1.28988548e-03 5.23964688e-03
5.06000000e+02 1.42001399e-03 -1.27238528e-03 5.20016036e-03
5.07000000e+02 1.40413626e-03 -1.25488508e-03 5.16067383e-03
5.08000000e+02 1.38825853e-03 -1.23738488e-03 5.12118730e-03
5.09000000e+02 1.37238079e-03 -1.21988468e-03 5.08170078e-03
5.10000000e+02 1.35650306e-03 -1.20238448e-03 5.04221425e-03
5.11000000e+02 1.34062533e-03 -1.18488428e-03 5.00272773e-03
5.12000000e+02 1.32474759e-03 -1.16738408e-03 4.96324120e-03
5.13000000e+02 1.30886986e-03 -1.14988388e-03 4.92375468e-03
5.14000000e+02 1.29299213e-03 -1.13238368e-03 4.88426815e-03
5.15000000e+02 1.27711439e-03 -1.11488347e-03 4.84478163e-03
5.16000000e+02 1.26123666e-03 -1.09738327e-03 4.80529510e-03
5.17000000e+02 1.24535893e-03 -1.07988307e-03 4.76580857e-03
5.18000000e+02 1.22948119e-03 -1.06238287e-03 4.72632205e-03
5.19000000e+02 1.21360346e-03 -1.04488267e-03 4.68683552e-03
5.20000000e+02 1.19772573e-03 -1.02738247e-03 4.64734900e-03
5.21000000e+02 1.18509629e-03 -1.01351410e-03 4.61506819e-03
5.22000000e+02 1.17246685e-03 -9.99645733e-04 4.58278739e-03
5.23000000e+02 1.15983741e-03 -9.85777364e-04 4.55050658e-03
5.24000000e+02 1.14720797e-03 -9.71908996e-04 4.51822578e-03
5.25000000e+02 1.13457854e-03 -9.58040627e-04 4.48594497e-03
5.26000000e+02 1.12194910e-03 -9.44172259e-04 4.45366417e-03
5.27000000e+02 1.10931966e-03 -9.30303890e-04 4.42138336e-03
5.28000000e+02 1.09669022e-03 -9.16435522e-04 4.38910256e-03
5.29000000e+02 1.08406078e-03 -9.02567153e-04 4.35682175e-03
5.30000000e+02 1.07143135e-03 -8.88698785e-04 4.32454095e-03
5.31000000e+02 1.05880191e-03 -8.74830416e-04 4.29226015e-03
5.32000000e+02 1.04617247e-03 -8.60962048e-04 4.25997934e-03
5.33000000e+02 1.03354303e-03 -8.47093679e-04 4.22769854e-03
5.34000000e+02 1.02091359e-03 -8.33225311e-04 4.19541773e-03
5.35000000e+02 1.00828415e-03 -8.19356942e-04 4.16313693e-03
5.36000000e+02 9.95654716e-04 -8.05488574e-04 4.13085612e-03
5.37000000e+02 9.83025278e-04 -7.91620205e-04 4.09857532e-03
5.38000000e+02 9.70395840e-04 -7.77751837e-04 4.06629451e-03
5.39000000e+02 9.57766402e-04 -7.63883468e-04 4.03401371e-03
5.40000000e+02 9.45136964e-04 -7.50015100e-04 4.00173290e-03
5.41000000e+02 9.35085268e-04 -7.39050420e-04 3.97527786e-03
5.42000000e+02 9.25033573e-04 -7.28085740e-04 3.94882282e-03
5.43000000e+02 9.14981877e-04 -7.17121060e-04 3.92236778e-03
5.44000000e+02 9.04930182e-04 -7.06156381e-04 3.89591274e-03
5.45000000e+02 8.94878486e-04 -6.95191701e-04 3.86945770e-03
5.46000000e+02 8.84826790e-04 -6.84227021e-04 3.84300266e-03
5.47000000e+02 8.74775095e-04 -6.73262341e-04 3.81654762e-03
5.48000000e+02 8.64723399e-04 -6.62297661e-04 3.79009258e-03
5.49000000e+02 8.54671704e-04 -6.51332981e-04 3.76363754e-03
5.50000000e+02 8.44620008e-04 -6.40368302e-04 3.73718250e-03
5.51000000e+02 8.34568312e-04 -6.29403622e-04 3.71072747e-03
5.52000000e+02 8.24516617e-04 -6.18438942e-04 3.68427243e-03
5.53000000e+02 8.14464921e-04 -6.07474262e-04 3.65781739e-03
5.54000000e+02 8.04413226e-04 -5.96509582e-04 3.63136235e-03
5.55000000e+02 7.94361530e-04 -5.85544903e-04 3.60490731e-03
5.56000000e+02 7.84309835e-04 -5.74580223e-04 3.57845227e-03
5.57000000e+02 7.74258139e-04 -5.63615543e-04 3.55199723e-03
5.58000000e+02 7.64206443e-04 -5.52650863e-04 3.52554219e-03
5.59000000e+02 7.54154748e-04 -5.41686183e-04 3.49908715e-03
5.60000000e+02 7.44103052e-04 -5.30721503e-04 3.47263211e-03
5.61000000e+02 7.36100743e-04 -5.22078078e-04 3.45088566e-03
5.62000000e+02 7.28098434e-04 -5.13434653e-04 3.42913920e-03
5.63000000e+02 7.20096124e-04 -5.04791227e-04 3.40739275e-03
5.64000000e+02 7.12093815e-04 -4.96147802e-04 3.38564630e-03
5.65000000e+02 7.04091506e-04 -4.87504377e-04 3.36389985e-03
5.66000000e+02 6.96089197e-04 -4.78860951e-04 3.34215340e-03
5.67000000e+02 6.88086888e-04 -4.70217526e-04 3.32040695e-03
5.68000000e+02 6.80084578e-04 -4.61574101e-04 3.29866050e-03
5.69000000e+02 6.72082269e-04 -4.52930675e-04 3.27691405e-03
5.70000000e+02 6.64079960e-04 -4.44287250e-04 3.25516760e-03
5.71000000e+02 6.56077651e-04 -4.35643824e-04 3.23342115e-03
5.72000000e+02 6.48075342e-04 -4.27000399e-04 3.21167470e-03
5.73000000e+02 6.40073032e-04 -4.18356974e-04 3.18992824e-03
5.74000000e+02 6.32070723e-04 -4.09713548e-04 3.16818179e-03
5.75000000e+02 6.24068414e-04 -4.01070123e-04 3.14643534e-03
5.76000000e+02 6.16066105e-04 -3.92426698e-04 3.12468889e-03
5.77000000e+02 6.08063795e-04 -3.83783272e-04 3.10294244e-03
5.78000000e+02 6.00061486e-04 -3.75139847e-04 3.08119599e-03
5.79000000e+02 5.92059177e-04 -3.66496422e-04 3.05944954e-03
5.80000000e+02 5.84056868e-04 -3.57852996e-04 3.03770309e-03
5.81000000e+02 5.77686256e-04 -3.51064687e-04 3.01976233e-03
5.82000000e+02 5.71315644e-04 -3.44276378e-04 3.00182157e-03
5.83000000e+02 5.64945032e-04 -3.37488069e-04 2.98388081e-03
5.84000000e+02 5.58574420e-04 -3.30699759e-04 2.96594005e-03
5.85000000e+02 5.52203808e-04 -3.23911450e-04 2.94799929e-03
5.86000000e+02 5.45833196e-04 -3.17123141e-04 2.93005853e-03
5.87000000e+02 5.39462585e-04 -3.10334832e-04 2.91211777e-03
5.88000000e+02 5.33091973e-04 -3.03546523e-04 2.89417700e-03
5.89000000e+02 5.26721361e-04 -2.96758213e-04 2.87623624e-03
5.90000000e+02 5.20350749e-04 -2.89969904e-04 2.85829548e-03
5.91000000e+02 5.13980137e-04 -2.83181595e-04 2.84035472e-03
5.92000000e+02 5.07609525e-04 -2.76393286e-04 2.82241396e-03
5.93000000e+02 5.01238913e-04 -2.69604976e-04 2.80447320e-03
5.94000000e+02 4.94868301e-04 -2.62816667e-04 2.78653244e-03
5.95000000e+02 4.88497689e-04 -2.56028358e-04 2.76859168e-03
5.96000000e+02 4.82127078e-04 -2.49240049e-04 2.75065092e-03
5.97000000e+02 4.75756466e-04 -2.42451740e-04 2.73271016e-03
5.98000000e+02 4.69385854e-04 -2.35663430e-04 2.71476940e-03
5.99000000e+02 4.63015242e-04 -2.28875121e-04 2.69682864e-03
6.00000000e+02 4.56644630e-04 -2.22086812e-04 2.67888788e-03
6.01000000e+02 4.51574615e-04 -2.16780396e-04 2.66402405e-03
6.02000000e+02 4.46504601e-04 -2.11473980e-04 2.64916022e-03
6.03000000e+02 4.41434587e-04 -2.06167564e-04 2.63429639e-03
6.04000000e+02 4.36364572e-04 -2.00861148e-04 2.61943256e-03
6.05000000e+02 4.31294558e-04 -1.95554732e-04 2.60456873e-03
6.06000000e+02 4.26224543e-04 -1.90248316e-04 2.58970490e-03
6.07000000e+02 4.21154529e-04 -1.84941900e-04 2.57484107e-03
6.08000000e+02 4.16084514e-04 -1.79635484e-04 2.55997724e-03
6.09000000e+02 4.11014500e-04 -1.74329068e-04 2.54511341e-03
6.10000000e+02 4.05944485e-04 -1.69022652e-04 2.53024958e-03
6.11000000e+02 4.00874471e-04 -1.63716236e-04 2.51538575e-03
6.12000000e+02 3.95804456e-04 -1.58409820e-04 2.50052192e-03
6.13000000e+02 3.90734442e-04 -1.53103404e-04 2.48565809e-03
6.14000000e+02 3.85664428e-04 -1.47796988e-04 2.47079426e-03
6.15000000e+02 3.80594413e-04 -1.42490572e-04 2.45593043e-03
6.16000000e+02 3.75524399e-04 -1.37184156e-04 2.44106660e-03
6.17000000e+02 3.70454384e-04 -1.31877740e-04 2.42620278e-03
6.18000000e+02 3.65384370e-04 -1.26571324e-04 2.41133895e-03
6.19000000e+02 3.60314355e-04 -1.21264908e-04 2.39647512e-03
6.20000000e+02 3.55244341e-04 -1.15958492e-04 2.38161129e-03
6.21000000e+02 3.51211880e-04 -1.11835049e-04 2.36923677e-03
6.22000000e+02 3.47179420e-04 -1.07711606e-04 2.35686224e-03
6.23000000e+02 3.43146960e-04 -1.03588163e-04 2.34448772e-03
6.24000000e+02 3.39114499e-04 -9.94647202e-05 2.33211320e-03
6.25000000e+02 3.35082039e-04 -9.53412773e-05 2.31973868e-03
6.26000000e+02 3.31049578e-04 -9.12178344e-05 2.30736416e-03
6.27000000e+02 3.27017118e-04 -8.70943915e-05 2.29498964e-03
6.28000000e+02 3.22984657e-04 -8.29709485e-05 2.28261512e-03
6.29000000e+02 3.18952197e-04 -7.88475056e-05 2.27024060e-03
6.30000000e+02 3.14919736e-04 -7.47240627e-05 2.25786608e-03
6.31000000e+02 3.10887276e-04 -7.06006198e-05 2.24549156e-03
6.32000000e+02 3.06854815e-04 -6.64771769e-05 2.23311704e-03
6.33000000e+02 3.02822355e-04 -6.23537340e-05 2.22074252e-03
6.34000000e+02 2.98789895e-04 -5.82302911e-05 2.20836800e-03
6.35000000e+02 2.94757434e-04 -5.41068482e-05 2.19599348e-03
6.36000000e+02 2.90724974e-04 -4.99834053e-05 2.18361896e-03
6.37000000e+02 2.86692513e-04 -4.58599624e-05 2.17124444e-03
6.38000000e+02 2.82660053e-04 -4.17365194e-05 2.15886991e-03
6.39000000e+02 2.78627592e-04 -3.76130765e-05 2.14649539e-03
6.40000000e+02 2.74595132e-04 -3.34896336e-05 2.13412087e-03
6.41000000e+02 -7.51058325e-04 1.26217852e-03 2.29219355e-03
6.42000000e+02 -1.77671178e-03 2.55784667e-03 2.45026622e-03
6.43000000e+02 -2.80236524e-03 3.85351482e-03 2.60833889e-03
6.44000000e+02 -3.82801869e-03 5.14918297e-03 2.76641156e-03
6.45000000e+02 -4.85367215e-03 6.44485112e-03 2.92448424e-03
6.46000000e+02 -5.87932561e-03 7.74051928e-03 3.08255691e-03
6.47000000e+02 -6.90497906e-03 9.03618743e-03 3.24062958e-03
6.48000000e+02 -7.93063252e-03 1.03318556e-02 3.39870225e-03
6.49000000e+02 -8.95628598e-03 1.16275237e-02 3.55677492e-03
6.50000000e+02 -9.98193943e-03 1.29231919e-02 3.71484760e-03
6.51000000e+02 -1.10075929e-02 1.42188600e-02 3.87292027e-03
6.52000000e+02 -1.20332463e-02 1.55145282e-02 4.03099294e-03
6.53000000e+02 -1.30588998e-02 1.68101963e-02 4.18906561e-03
6.54000000e+02 -1.40845533e-02 1.81058645e-02 4.34713829e-03
6.55000000e+02 -1.51102067e-02 1.94015326e-02 4.50521096e-03
6.56000000e+02 -1.61358602e-02 2.06972008e-02 4.66328363e-03
6.57000000e+02 -1.71615136e-02 2.19928689e-02 4.82135630e-03
6.58000000e+02 -1.81871671e-02 2.32885371e-02 4.97942898e-03
6.59000000e+02 -1.92128205e-02 2.45842052e-02 5.13750165e-03
6.60000000e+02 -2.02384740e-02 2.58798734e-02 5.29557432e-03
6.61000000e+02 -2.17721449e-02 2.77258575e-02 5.68694245e-03
6.62000000e+02 -2.33058157e-02 2.95718415e-02 6.07831058e-03
6.63000000e+02 -2.48394866e-02 3.14178256e-02 6.46967871e-03
6.64000000e+02 -2.63731575e-02 3.32638096e-02 6.86104684e-03
6.65000000e+02 -2.79068283e-02 3.51097937e-02 7.25241497e-03
6.66000000e+02 -2.94404992e-02 3.69557778e-02 7.64378310e-03
6.67000000e+02 -3.09741700e-02 3.88017618e-02 8.03515123e-03
6.68000000e+02 -3.25078409e-02 4.06477459e-02 8.42651936e-03
6.69000000e+02 -3.40415118e-02 4.24937300e-02 8.81788749e-03
6.70000000e+02 -3.55751826e-02 4.43397140e-02 9.20925562e-03
6.71000000e+02 -3.71088535e-02 4.61856981e-02 9.60062375e-03
6.72000000e+02 -3.86425244e-02 4.80316822e-02 9.99199188e-03
6.73000000e+02 -4.01761952e-02 4.98776662e-02 1.03833600e-02
6.74000000e+02 -4.17098661e-02 5.17236503e-02 1.07747281e-02
6.75000000e+02 -4.32435369e-02 5.35696343e-02 1.11660963e-02
6.76000000e+02 -4.47772078e-02 5.54156184e-02 1.15574644e-02
6.77000000e+02 -4.63108787e-02 5.72616025e-02 1.19488325e-02
6.78000000e+02 -4.78445495e-02 5.91075865e-02 1.23402007e-02
6.79000000e+02 -4.93782204e-02 6.09535706e-02 1.27315688e-02
6.80000000e+02 -5.09118913e-02 6.27995547e-02 1.31229369e-02
6.81000000e+02 -5.14670353e-02 6.32919106e-02 1.35668976e-02
6.82000000e+02 -5.20221794e-02 6.37842665e-02 1.40108582e-02
6.83000000e+02 -5.25773234e-02 6.42766223e-02 1.44548189e-02
6.84000000e+02 -5.31324675e-02 6.47689782e-02 1.48987796e-02
6.85000000e+02 -5.36876116e-02 6.52613341e-02 1.53427402e-02
6.86000000e+02 -5.42427556e-02 6.57536900e-02 1.57867009e-02
6.87000000e+02 -5.47978997e-02 6.62460459e-02 1.62306615e-02
6.88000000e+02 -5.53530438e-02 6.67384018e-02 1.66746222e-02
6.89000000e+02 -5.59081878e-02 6.72307577e-02 1.71185828e-02
6.90000000e+02 -5.64633319e-02 6.77231136e-02 1.75625435e-02
6.91000000e+02 -5.70184759e-02 6.82154695e-02 1.80065041e-02
6.92000000e+02 -5.75736200e-02 6.87078254e-02 1.84504648e-02
6.93000000e+02 -5.81287641e-02 6.92001813e-02 1.88944255e-02
6.94000000e+02 -5.86839081e-02 6.96925372e-02 1.93383861e-02
6.95000000e+02 -5.92390522e-02 7.01848931e-02 1.97823468e-02
6.96000000e+02 -5.97941963e-02 7.06772490e-02 2.02263074e-02
6.97000000e+02 -6.03493403e-02 7.11696049e-02 2.06702681e-02
6.98000000e+02 -6.09044844e-02 7.16619608e-02 2.11142287e-02
6.99000000e+02 -6.14596284e-02 7.21543167e-02 2.15581894e-02
7.00000000e+02 -6.20147725e-02 7.26466726e-02 2.20021501e-02
7.01000000e+02 -6.11016986e-02 7.13926863e-02 2.26386314e-02
7.02000000e+02 -6.01886247e-02 7.01387000e-02 2.32751128e-02
7.03000000e+02 -5.92755508e-02 6.88847137e-02 2.39115941e-02
7.04000000e+02 -5.83624770e-02 6.76307274e-02 2.45480755e-02
7.05000000e+02 -5.74494031e-02 6.63767411e-02 2.51845568e-02
7.06000000e+02 -5.65363292e-02 6.51227548e-02 2.58210382e-02
7.07000000e+02 -5.56232553e-02 6.38687685e-02 2.64575195e-02
7.08000000e+02 -5.47101814e-02 6.26147822e-02 2.70940009e-02
7.09000000e+02 -5.37971075e-02 6.13607959e-02 2.77304823e-02
7.10000000e+02 -5.28840336e-02 6.01068096e-02 2.83669636e-02
7.11000000e+02 -5.19709597e-02 5.88528234e-02 2.90034450e-02
7.12000000e+02 -5.10578859e-02 5.75988371e-02 2.96399263e-02
7.13000000e+02 -5.01448120e-02 5.63448508e-02 3.02764077e-02
7.14000000e+02 -4.92317381e-02 5.50908645e-02 3.09128890e-02
7.15000000e+02 -4.83186642e-02 5.38368782e-02 3.15493704e-02
7.16000000e+02 -4.74055903e-02 5.25828919e-02 3.21858517e-02
7.17000000e+02 -4.64925164e-02 5.13289056e-02 3.28223331e-02
7.18000000e+02 -4.55794425e-02 5.00749193e-02 3.34588145e-02
7.19000000e+02 -4.46663686e-02 4.88209330e-02 3.40952958e-02
7.20000000e+02 -4.37532948e-02 4.75669467e-02 3.47317772e-02
7.21000000e+02 -4.17274796e-02 4.52624051e-02 3.57505043e-02
7.22000000e+02 -3.97016644e-02 4.29578636e-02 3.67692315e-02
7.23000000e+02 -3.76758493e-02 4.06533220e-02 3.77879586e-02
7.24000000e+02 -3.56500341e-02 3.83487805e-02 3.88066858e-02
7.25000000e+02 -3.36242189e-02 3.60442389e-02 3.98254130e-02
7.26000000e+02 -3.15984038e-02 3.37396973e-02 4.08441401e-02
7.27000000e+02 -2.95725886e-02 3.14351558e-02 4.18628673e-02
7.28000000e+02 -2.75467734e-02 2.91306142e-02 4.28815944e-02
7.29000000e+02 -2.55209583e-02 2.68260726e-02 4.39003216e-02
7.30000000e+02 -2.34951431e-02 2.45215311e-02 4.49190487e-02
7.31000000e+02 -2.14693279e-02 2.22169895e-02 4.59377759e-02
7.32000000e+02 -1.94435128e-02 1.99124479e-02 4.69565031e-02
7.33000000e+02 -1.74176976e-02 1.76079064e-02 4.79752302e-02
7.34000000e+02 -1.53918824e-02 1.53033648e-02 4.89939574e-02
7.35000000e+02 -1.33660673e-02 1.29988232e-02 5.00126845e-02
7.36000000e+02 -1.13402521e-02 1.06942817e-02 5.10314117e-02
7.37000000e+02 -9.31443692e-03 8.38974011e-03 5.20501388e-02
7.38000000e+02 -7.28862176e-03 6.08519855e-03 5.30688660e-02
7.39000000e+02 -5.26280659e-03 3.78065698e-03 5.40875932e-02
7.40000000e+02 -3.23699142e-03 1.47611542e-03 5.51063203e-02
7.41000000e+02 -1.13370673e-03 -7.38992134e-04 5.61756292e-02
7.42000000e+02 9.69577964e-04 -2.95409968e-03 5.72449381e-02
7.43000000e+02 3.07286266e-03 -5.16920723e-03 5.83142470e-02
7.44000000e+02 5.17614735e-03 -7.38431478e-03 5.93835559e-02
7.45000000e+02 7.27943204e-03 -9.59942233e-03 6.04528647e-02
7.46000000e+02 9.38271674e-03 -1.18145299e-02 6.15221736e-02
7.47000000e+02 1.14860014e-02 -1.40296374e-02 6.25914825e-02
7.48000000e+02 1.35892861e-02 -1.62447450e-02 6.36607914e-02
7.49000000e+02 1.56925708e-02 -1.84598525e-02 6.47301003e-02
7.50000000e+02 1.77958555e-02 -2.06749601e-02 6.57994092e-02
7.51000000e+02 1.98991402e-02 -2.28900676e-02 6.68687180e-02
7.52000000e+02 2.20024249e-02 -2.51051752e-02 6.79380269e-02
7.53000000e+02 2.41057096e-02 -2.73202827e-02 6.90073358e-02
7.54000000e+02 2.62089943e-02 -2.95353903e-02 7.00766447e-02
7.55000000e+02 2.83122790e-02 -3.17504978e-02 7.11459536e-02
7.56000000e+02 3.04155637e-02 -3.39656054e-02 7.22152624e-02
7.57000000e+02 3.25188484e-02 -3.61807129e-02 7.32845713e-02
7.58000000e+02 3.46221331e-02 -3.83958205e-02 7.43538802e-02
7.59000000e+02 3.67254177e-02 -4.06109280e-02 7.54231891e-02
7.60000000e+02 3.88287024e-02 -4.28260356e-02 7.64924980e-02
7.61000000e+02 3.98966904e-02 -4.39812160e-02 7.68100163e-02
7.62000000e+02 4.09646783e-02 -4.51363963e-02 7.71275345e-02
7.63000000e+02 4.20326663e-02 -4.62915767e-02 7.74450528e-02
7.64000000e+02 4.31006542e-02 -4.74467571e-02 7.77625711e-02
7.65000000e+02 4.41686421e-02 -4.86019374e-02 7.80800893e-02
7.66000000e+02 4.52366301e-02 -4.97571178e-02 7.83976076e-02
7.67000000e+02 4.63046180e-02 -5.09122982e-02 7.87151259e-02
7.68000000e+02 4.73726060e-02 -5.20674786e-02 7.90326442e-02
7.69000000e+02 4.84405939e-02 -5.32226589e-02 7.93501624e-02
7.70000000e+02 4.95085818e-02 -5.43778393e-02 7.96676807e-02
7.71000000e+02 5.05765698e-02 -5.55330197e-02 7.99851990e-02
7.72000000e+02 5.16445577e-02 -5.66882000e-02 8.03027172e-02
7.73000000e+02 5.27125457e-02 -5.78433804e-02 8.06202355e-02
7.74000000e+02 5.37805336e-02 -5.89985608e-02 8.09377538e-02
7.75000000e+02 5.48485215e-02 -6.01537412e-02 8.12552721e-02
7.76000000e+02 5.59165095e-02 -6.13089215e-02 8.15727903e-02
7.77000000e+02 5.69844974e-02 -6.24641019e-02 8.18903086e-02
7.78000000e+02 5.80524854e-02 -6.36192823e-02 8.22078269e-02
7.79000000e+02 5.91204733e-02 -6.47744626e-02 8.25253451e-02
7.80000000e+02 6.01884613e-02 -6.59296430e-02 8.28428634e-02
7.81000000e+02 5.97397333e-02 -6.55211873e-02 8.18031341e-02
7.82000000e+02 5.92910053e-02 -6.51127317e-02 8.07634047e-02
7.83000000e+02 5.88422774e-02 -6.47042760e-02 7.97236754e-02
7.84000000e+02 5.83935494e-02 -6.42958203e-02 7.86839460e-02
7.85000000e+02 5.79448215e-02 -6.38873647e-02 7.76442166e-02
7.86000000e+02 5.74960935e-02 -6.34789090e-02 7.66044873e-02
7.87000000e+02 5.70473655e-02 -6.30704534e-02 7.55647579e-02
7.88000000e+02 5.65986376e-02 -6.26619977e-02 7.45250286e-02
7.89000000e+02 5.61499096e-02 -6.22535420e-02 7.34852992e-02
7.90000000e+02 5.57011817e-02 -6.18450864e-02 7.24455699e-02
7.91000000e+02 5.52524537e-02 -6.14366307e-02 7.14058405e-02
7.92000000e+02 5.48037258e-02 -6.10281750e-02 7.03661112e-02
7.93000000e+02 5.43549978e-02 -6.06197194e-02 6.93263818e-02
7.94000000e+02 5.39062698e-02 -6.02112637e-02 6.82866525e-02
7.95000000e+02 5.34575419e-02 -5.98028080e-02 6.72469231e-02
7.96000000e+02 5.30088139e-02 -5.93943524e-02 6.62071938e-02
7.97000000e+02 5.25600860e-02 -5.89858967e-02 6.51674644e-02
7.98000000e+02 5.21113580e-02 -5.85774410e-02 6.41277351e-02
7.99000000e+02 5.16626301e-02 -5.81689854e-02 6.30880057e-02
8.00000000e+02 5.12139021e-02 -5.77605297e-02 6.20482763e-02
8.01000000e+02 4.97016231e-02 -5.61019935e-02 6.00558922e-02
8.02000000e+02 4.81893441e-02 -5.44434572e-02 5.80635080e-02
8.03000000e+02 4.66770650e-02 -5.27849210e-02 5.60711238e-02
8.04000000e+02 4.51647860e-02 -5.11263847e-02 5.40787397e-02
8.05000000e+02 4.36525070e-02 -4.94678485e-02 5.20863555e-02
8.06000000e+02 4.21402280e-02 -4.78093123e-02 5.00939713e-02
8.07000000e+02 4.06279489e-02 -4.61507760e-02 4.81015872e-02
8.08000000e+02 3.91156699e-02 -4.44922398e-02 4.61092030e-02
8.09000000e+02 3.76033909e-02 -4.28337035e-02 4.41168188e-02
8.10000000e+02 3.60911119e-02 -4.11751673e-02 4.21244346e-02
8.11000000e+02 3.45788328e-02 -3.95166311e-02 4.01320505e-02
8.12000000e+02 3.30665538e-02 -3.78580948e-02 3.81396663e-02
8.13000000e+02 3.15542748e-02 -3.61995586e-02 3.61472821e-02
8.14000000e+02 3.00419958e-02 -3.45410223e-02 3.41548980e-02
8.15000000e+02 2.85297167e-02 -3.28824861e-02 3.21625138e-02
8.16000000e+02 2.70174377e-02 -3.12239499e-02 3.01701296e-02
8.17000000e+02 2.55051587e-02 -2.95654136e-02 2.81777454e-02
8.18000000e+02 2.39928797e-02 -2.79068774e-02 2.61853613e-02
8.19000000e+02 2.24806007e-02 -2.62483412e-02 2.41929771e-02
8.20000000e+02 2.09683216e-02 -2.45898049e-02 2.22005929e-02
8.21000000e+02 1.98790839e-02 -2.33529846e-02 2.09409989e-02
8.22000000e+02 1.87898461e-02 -2.21161642e-02 1.96814048e-02
8.23000000e+02 1.77006084e-02 -2.08793439e-02 1.84218108e-02
8.24000000e+02 1.66113706e-02 -1.96425236e-02 1.71622167e-02
8.25000000e+02 1.55221329e-02 -1.84057032e-02 1.59026226e-02
8.26000000e+02 1.44328951e-02 -1.71688829e-02 1.46430286e-02
8.27000000e+02 1.33436574e-02 -1.59320626e-02 1.33834345e-02
8.28000000e+02 1.22544196e-02 -1.46952422e-02 1.21238405e-02
8.29000000e+02 1.11651819e-02 -1.34584219e-02 1.08642464e-02
8.30000000e+02 1.00759441e-02 -1.22216016e-02 9.60465233e-03
8.31000000e+02 8.98670640e-03 -1.09847812e-02 8.34505827e-03
8.32000000e+02 7.89746865e-03 -9.74796091e-03 7.08546421e-03
8.33000000e+02 6.80823090e-03 -8.51114057e-03 5.82587015e-03
8.34000000e+02 5.71899316e-03 -7.27432024e-03 4.56627609e-03
8.35000000e+02 4.62975541e-03 -6.03749990e-03 3.30668203e-03
8.36000000e+02 3.54051766e-03 -4.80067957e-03 2.04708797e-03
8.37000000e+02 2.45127991e-03 -3.56385924e-03 7.87493912e-04
8.38000000e+02 1.36204216e-03 -2.32703890e-03 -4.72100148e-04
8.39000000e+02 2.72804413e-04 -1.09021857e-03 -1.73169421e-03
8.40000000e+02 -8.16433335e-04 1.46601765e-04 -2.99128827e-03
8.41000000e+02 -8.08424310e-04 1.43344751e-04 -2.96269806e-03
8.42000000e+02 -8.00415285e-04 1.40087737e-04 -2.93410785e-03
8.43000000e+02 -7.92406259e-04 1.36830723e-04 -2.90551764e-03
8.44000000e+02 -7.84397234e-04 1.33573709e-04 -2.87692743e-03
8.45000000e+02 -7.76388209e-04 1.30316695e-04 -2.84833722e-03
8.46000000e+02 -7.68379184e-04 1.27059681e-04 -2.81974702e-03
8.47000000e+02 -7.60370159e-04 1.23802667e-04 -2.79115681e-03
8.48000000e+02 -7.52361134e-04 1.20545652e-04 -2.76256660e-03
8.49000000e+02 -7.44352109e-04 1.17288638e-04 -2.73397639e-03
8.50000000e+02 -7.36343083e-04 1.14031624e-04 -2.70538618e-03
8.51000000e+02 -7.28334058e-04 1.10774610e-04 -2.67679597e-03
8.52000000e+02 -7.20325033e-04 1.07517596e-04 -2.64820576e-03
8.53000000e+02 -7.12316008e-04 1.04260582e-04 -2.61961555e-03
8.54000000e+02 -7.04306983e-04 1.01003568e-04 -2.59102534e-03
8.55000000e+02 -6.96297958e-04 9.77465539e-05 -2.56243514e-03
8.56000000e+02 -6.88288932e-04 9.44895398e-05 -2.53384493e-03
8.57000000e+02 -6.80279907e-04 9.12325257e-05 -2.50525472e-03
8.58000000e+02 -6.72270882e-04 8.79755116e-05 -2.47666451e-03
8.59000000e+02 -6.64261857e-04 8.47184975e-05 -2.44807430e-03
8.60000000e+02 -6.56252832e-04 8.14614835e-05 -2.41948409e-03
8.61000000e+02 -6.49964487e-04 7.90489674e-05 -2.39675076e-03
8.62000000e+02 -6.43676142e-04 7.66364514e-05 -2.37401743e-03
8.63000000e+02 -6.37387797e-04 7.42239354e-05 -2.35128410e-03
8.64000000e+02 -6.31099452e-04 7.18114194e-05 -2.32855076e-03
8.65000000e+02 -6.24811108e-04 6.93989034e-05 -2.30581743e-03
8.66000000e+02 -6.18522763e-04 6.69863874e-05 -2.28308410e-03
8.67000000e+02 -6.12234418e-04 6.45738713e-05 -2.26035077e-03
8.68000000e+02 -6.05946073e-04 6.21613553e-05 -2.23761744e-03
8.69000000e+02 -5.99657728e-04 5.97488393e-05 -2.21488410e-03
8.70000000e+02 -5.93369383e-04 5.73363233e-05 -2.19215077e-03
8.71000000e+02 -5.87081039e-04 5.49238073e-05 -2.16941744e-03
8.72000000e+02 -5.80792694e-04 5.25112913e-05 -2.14668411e-03
8.73000000e+02 -5.74504349e-04 5.00987753e-05 -2.12395078e-03
8.74000000e+02 -5.68216004e-04 4.76862592e-05 -2.10121744e-03
8.75000000e+02 -5.61927659e-04 4.52737432e-05 -2.07848411e-03
8.76000000e+02 -5.55639314e-04 4.28612272e-05 -2.05575078e-03
8.77000000e+02 -5.49350970e-04 4.04487112e-05 -2.03301745e-03
8.78000000e+02 -5.43062625e-04 3.80361952e-05 -2.01028412e-03
8.79000000e+02 -5.36774280e-04 3.56236792e-05 -1.98755079e-03
8.80000000e+02 -5.30485935e-04 3.32111631e-05 -1.96481745e-03
8.81000000e+02 -5.25519435e-04 3.14153890e-05 -1.94670632e-03
8.82000000e+02 -5.20552936e-04 2.96196148e-05 -1.92859519e-03
8.83000000e+02 -5.15586436e-04 2.78238406e-05 -1.91048405e-03
8.84000000e+02 -5.10619936e-04 2.60280664e-05 -1.89237292e-03
8.85000000e+02 -5.05653437e-04 2.42322922e-05 -1.87426178e-03
8.86000000e+02 -5.00686937e-04 2.24365180e-05 -1.85615065e-03
8.87000000e+02 -4.95720437e-04 2.06407438e-05 -1.83803951e-03
8.88000000e+02 -4.90753938e-04 1.88449696e-05 -1.81992838e-03
8.89000000e+02 -4.85787438e-04 1.70491954e-05 -1.80181725e-03
8.90000000e+02 -4.80820938e-04 1.52534213e-05 -1.78370611e-03
8.91000000e+02 -4.75854438e-04 1.34576471e-05 -1.76559498e-03
8.92000000e+02 -4.70887939e-04 1.16618729e-05 -1.74748384e-03
8.93000000e+02 -4.65921439e-04 9.86609869e-06 -1.72937271e-03
8.94000000e+02 -4.60954939e-04 8.07032450e-06 -1.71126157e-03
8.95000000e+02 -4.55988440e-04 6.27455032e-06 -1.69315044e-03
8.96000000e+02 -4.51021940e-04 4.47877613e-06 -1.67503931e-03
8.97000000e+02 -4.46055440e-04 2.68300194e-06 -1.65692817e-03
8.98000000e+02 -4.41088941e-04 8.87227750e-07 -1.63881704e-03
8.99000000e+02 -4.36122441e-04 -9.08546438e-07 -1.62070590e-03
9.00000000e+02 -4.31155941e-04 -2.70432063e-06 -1.60259477e-03
9.01000000e+02 -4.27213184e-04 -4.04386606e-06 -1.58814068e-03
9.02000000e+02 -4.23270427e-04 -5.38341150e-06 -1.57368659e-03
9.03000000e+02 -4.19327670e-04 -6.72295693e-06 -1.55923249e-03
9.04000000e+02 -4.15384913e-04 -8.06250237e-06 -1.54477840e-03
9.05000000e+02 -4.11442156e-04 -9.40204780e-06 -1.53032431e-03
9.06000000e+02 -4.07499399e-04 -1.07415932e-05 -1.51587022e-03
9.07000000e+02 -4.03556642e-04 -1.20811387e-05 -1.50141613e-03
9.08000000e+02 -3.99613885e-04 -1.34206841e-05 -1.48696204e-03
9.09000000e+02 -3.95671128e-04 -1.47602295e-05 -1.47250794e-03
9.10000000e+02 -3.91728371e-04 -1.60997750e-05 -1.45805385e-03
9.11000000e+02 -3.87785614e-04 -1.74393204e-05 -1.44359976e-03
9.12000000e+02 -3.83842857e-04 -1.87788658e-05 -1.42914567e-03
9.13000000e+02 -3.79900100e-04 -2.01184113e-05 -1.41469158e-03
9.14000000e+02 -3.75957343e-04 -2.14579567e-05 -1.40023749e-03
9.15000000e+02 -3.72014586e-04 -2.27975021e-05 -1.38578339e-03
9.16000000e+02 -3.68071829e-04 -2.41370476e-05 -1.37132930e-03
9.17000000e+02 -3.64129072e-04 -2.54765930e-05 -1.35687521e-03
9.18000000e+02 -3.60186315e-04 -2.68161385e-05 -1.34242112e-03
9.19000000e+02 -3.56243558e-04 -2.81556839e-05 -1.32796703e-03
9.20000000e+02 -3.52300801e-04 -2.94952293e-05 -1.31351294e-03
9.21000000e+02 -3.49156550e-04 -3.04932426e-05 -1.30195826e-03
9.22000000e+02 -3.46012298e-04 -3.14912559e-05 -1.29040358e-03
9.23000000e+02 -3.42868047e-04 -3.24892692e-05 -1.27884891e-03
9.24000000e+02 -3.39723795e-04 -3.34872825e-05 -1.26729423e-03
9.25000000e+02 -3.36579544e-04 -3.44852958e-05 -1.25573956e-03
9.26000000e+02 -3.33435292e-04 -3.54833091e-05 -1.24418488e-03
9.27000000e+02 -3.30291041e-04 -3.64813224e-05 -1.23263020e-03
9.28000000e+02 -3.27146790e-04 -3.74793357e-05 -1.22107553e-03
9.29000000e+02 -3.24002538e-04 -3.84773491e-05 -1.20952085e-03
9.30000000e+02 -3.20858287e-04 -3.94753624e-05 -1.19796617e-03
9.31000000e+02 -3.17714035e-04 -4.04733757e-05 -1.18641150e-03
9.32000000e+02 -3.14569784e-04 -4.14713890e-05 -1.17485682e-03
9.33000000e+02 -3.11425532e-04 -4.24694023e-05 -1.16330214e-03
9.34000000e+02 -3.08281281e-04 -4.34674156e-05 -1.15174747e-03
9.35000000e+02 -3.05137030e-04 -4.44654289e-05 -1.14019279e-03
9.36000000e+02 -3.01992778e-04 -4.54634422e-05 -1.12863812e-03
9.37000000e+02 -2.98848527e-04 -4.64614555e-05 -1.11708344e-03
9.38000000e+02 -2.95704275e-04 -4.74594688e-05 -1.10552876e-03
9.39000000e+02 -2.92560024e-04 -4.84574821e-05 -1.09397409e-03
9.40000000e+02 -2.89415772e-04 -4.94554954e-05 -1.08241941e-03
9.41000000e+02 -2.86898154e-04 -5.01951012e-05 -1.07316738e-03
9.42000000e+02 -2.84380537e-04 -5.09347071e-05 -1.06391536e-03
9.43000000e+02 -2.81862919e-04 -5.16743129e-05 -1.05466333e-03
9.44000000e+02 -2.79345301e-04 -5.24139187e-05 -1.04541131e-03
9.45000000e+02 -2.76827683e-04 -5.31535246e-05 -1.03615928e-03
9.46000000e+02 -2.74310065e-04 -5.38931304e-05 -1.02690725e-03
9.47000000e+02 -2.71792447e-04 -5.46327363e-05 -1.01765523e-03
9.48000000e+02 -2.69274829e-04 -5.53723421e-05 -1.00840320e-03
9.49000000e+02 -2.66757211e-04 -5.61119479e-05 -9.99151177e-04
9.50000000e+02 -2.64239593e-04 -5.68515538e-05 -9.89899151e-04
9.51000000e+02 -2.61721975e-04 -5.75911596e-05 -9.80647125e-04
9.52000000e+02 -2.59204357e-04 -5.83307655e-05 -9.71395099e-04
9.53000000e+02 -2.56686739e-04 -5.90703713e-05 -9.62143073e-04
9.54000000e+02 -2.54169121e-04 -5.98099771e-05 -9.52891047e-04
9.55000000e+02 -2.51651503e-04 -6.05495830e-05 -9.43639021e-04
9.56000000e+02 -2.49133885e-04 -6.12891888e-05 -9.34386995e-04
9.57000000e+02 -2.46616267e-04 -6.20287947e-05 -9.25134969e-04
9.58000000e+02 -2.44098649e-04 -6.27684005e-05 -9.15882943e-04
9.59000000e+02 -2.41581031e-04 -6.35080063e-05 -9.06630917e-04
9.60000000e+02 -2.39063413e-04 -6.42476122e-05 -8.97378891e-04
9.61000000e+02 -2.37040116e-04 -6.47899035e-05 -8.89958140e-04
9.62000000e+02 -2.35016819e-04 -6.53321947e-05 -8.82537389e-04
9.63000000e+02 -2.32993521e-04 -6.58744860e-05 -8.75116639e-04
9.64000000e+02 -2.30970224e-04 -6.64167773e-05 -8.67695888e-04
9.65000000e+02 -2.28946927e-04 -6.69590686e-05 -8.60275138e-04
9.66000000e+02 -2.26923629e-04 -6.75013598e-05 -8.52854387e-04
9.67000000e+02 -2.24900332e-04 -6.80436511e-05 -8.45433636e-04
9.68000000e+02 -2.22877035e-04 -6.85859424e-05 -8.38012886e-04
9.69000000e+02 -2.20853737e-04 -6.91282337e-05 -8.30592135e-04
9.70000000e+02 -2.18830440e-04 -6.96705249e-05 -8.23171384e-04
9.71000000e+02 -2.16807143e-04 -7.02128162e-05 -8.15750634e-04
9.72000000e+02 -2.14783845e-04 -7.07551075e-05 -8.08329883e-04
9.73000000e+02 -2.12760548e-04 -7.12973988e-05 -8.00909133e-04
9.74000000e+02 -2.10737251e-04 -7.18396900e-05 -7.93488382e-04
9.75000000e+02 -2.08713953e-04 -7.23819813e-05 -7.86067631e-04
9.76000000e+02 -2.06690656e-04 -7.29242726e-05 -7.78646881e-04
9.77000000e+02 -2.04667359e-04 -7.34665639e-05 -7.71226130e-04
9.78000000e+02 -2.02644061e-04 -7.40088551e-05 -7.63805379e-04
9.79000000e+02 -2.00620764e-04 -7.45511464e-05 -7.56384629e-04
9.80000000e+02 -1.98597467e-04 -7.50934377e-05 -7.48963878e-04
9.81000000e+02 -4.87837134e-04 -4.14189749e-04 -3.88170969e-04
9.82000000e+02 -7.77076801e-04 -7.53286060e-04 -2.73780602e-05
9.83000000e+02 -1.06631647e-03 -1.09238237e-03 3.33414849e-04
9.84000000e+02 -1.35555614e-03 -1.43147868e-03 6.94207758e-04
9.85000000e+02 -1.64479580e-03 -1.77057499e-03 1.05500067e-03
9.86000000e+02 -1.93403547e-03 -2.10967130e-03 1.41579358e-03
9.87000000e+02 -2.22327514e-03 -2.44876762e-03 1.77658648e-03
9.88000000e+02 -2.51251480e-03 -2.78786393e-03 2.13737939e-03
9.89000000e+02 -2.80175447e-03 -3.12696024e-03 2.49817230e-03
9.90000000e+02 -3.09099414e-03 -3.46605655e-03 2.85896521e-03
9.91000000e+02 -3.38023381e-03 -3.80515286e-03 3.21975812e-03
9.92000000e+02 -3.66947347e-03 -4.14424917e-03 3.58055103e-03
9.93000000e+02 -3.95871314e-03 -4.48334548e-03 3.94134394e-03
9.94000000e+02 -4.24795281e-03 -4.82244179e-03 4.30213685e-03
9.95000000e+02 -4.53719248e-03 -5.16153811e-03 4.66292976e-03
9.96000000e+02 -4.82643214e-03 -5.50063442e-03 5.02372267e-03
9.97000000e+02 -5.11567181e-03 -5.83973073e-03 5.38451557e-03
9.98000000e+02 -5.40491148e-03 -6.17882704e-03 5.74530848e-03
9.99000000e+02 -5.69415114e-03 -6.51792335e-03 6.10610139e-03
1.00000000e+03 -5.98339081e-03 -6.85701966e-03 6.46689430e-03
1.00100000e+03 -7.44375408e-03 -8.52212958e-03 8.30208580e-03
1.00200000e+03 -8.90411735e-03 -1.01872395e-02 1.01372773e-02
1.00300000e+03 -1.03644806e-02 -1.18523494e-02 1.19724688e-02
1.00400000e+03 -1.18248439e-02 -1.35174593e-02 1.38076603e-02
1.00500000e+03 -1.32852072e-02 -1.51825692e-02 1.56428518e-02
1.00600000e+03 -1.47455704e-02 -1.68476792e-02 1.74780433e-02
1.00700000e+03 -1.62059337e-02 -1.85127891e-02 1.93132348e-02
1.00800000e+03 -1.76662970e-02 -2.01778990e-02 2.11484263e-02
1.00900000e+03 -1.91266602e-02 -2.18430089e-02 2.29836178e-02
1.01000000e+03 -2.05870235e-02 -2.35081188e-02 2.48188093e-02
1.01100000e+03 -2.20473868e-02 -2.51732288e-02 2.66540008e-02
1.01200000e+03 -2.35077500e-02 -2.68383387e-02 2.84891923e-02
1.01300000e+03 -2.49681133e-02 -2.85034486e-02 3.03243838e-02
1.01400000e+03 -2.64284766e-02 -3.01685585e-02 3.21595753e-02
1.01500000e+03 -2.78888398e-02 -3.18336684e-02 3.39947668e-02
1.01600000e+03 -2.93492031e-02 -3.34987783e-02 3.58299583e-02
1.01700000e+03 -3.08095664e-02 -3.51638883e-02 3.76651498e-02
1.01800000e+03 -3.22699296e-02 -3.68289982e-02 3.95003413e-02
1.01900000e+03 -3.37302929e-02 -3.84941081e-02 4.13355328e-02
1.02000000e+03 -3.51906562e-02 -4.01592180e-02 4.31707243e-02
1.02100000e+03 -3.62262090e-02 -4.12409660e-02 4.45393269e-02
1.02200000e+03 -3.72617619e-02 -4.23227140e-02 4.59079294e-02
1.02300000e+03 -3.82973148e-02 -4.34044619e-02 4.72765319e-02
1.02400000e+03 -3.93328676e-02 -4.44862099e-02 4.86451345e-02
1.02500000e+03 -4.03684205e-02 -4.55679579e-02 5.00137370e-02
1.02600000e+03 -4.14039734e-02 -4.66497059e-02 5.13823396e-02
1.02700000e+03 -4.24395262e-02 -4.77314539e-02 5.27509421e-02
1.02800000e+03 -4.34750791e-02 -4.88132019e-02 5.41195446e-02
1.02900000e+03 -4.45106320e-02 -4.98949498e-02 5.54881472e-02
1.03000000e+03 -4.55461848e-02 -5.09766978e-02 5.68567497e-02
1.03100000e+03 -4.65817377e-02 -5.20584458e-02 5.82253522e-02
1.03200000e+03 -4.76172906e-02 -5.31401938e-02 5.95939548e-02
1.03300000e+03 -4.86528434e-02 -5.42219418e-02 6.09625573e-02
1.03400000e+03 -4.96883963e-02 -5.53036897e-02 6.23311598e-02
1.03500000e+03 -5.07239492e-02 -5.63854377e-02 6.36997624e-02
1.03600000e+03 -5.17595020e-02 -5.74671857e-02 6.50683649e-02
1.03700000e+03 -5.27950549e-02 -5.85489337e-02 6.64369674e-02
1.03800000e+03 -5.38306078e-02 -5.96306817e-02 6.78055700e-02
1.03900000e+03 -5.48661606e-02 -6.07124296e-02 6.91741725e-02
1.04000000e+03 -5.59017135e-02 -6.17941776e-02 7.05427750e-02
1.04100000e+03 -5.55244048e-02 -6.14083924e-02 7.02048020e-02
1.04200000e+03 -5.51470962e-02 -6.10226072e-02 6.98668289e-02
1.04300000e+03 -5.47697875e-02 -6.06368219e-02 6.95288559e-02
1.04400000e+03 -5.43924788e-02 -6.02510367e-02 6.91908828e-02
1.04500000e+03 -5.40151701e-02 -5.98652514e-02 6.88529097e-02
1.04600000e+03 -5.36378615e-02 -5.94794662e-02 6.85149367e-02
1.04700000e+03 -5.32605528e-02 -5.90936810e-02 6.81769636e-02
1.04800000e+03 -5.28832441e-02 -5.87078957e-02 6.78389906e-02
1.04900000e+03 -5.25059354e-02 -5.83221105e-02 6.75010175e-02
1.05000000e+03 -5.21286268e-02 -5.79363253e-02 6.71630444e-02
1.05100000e+03 -5.17513181e-02 -5.75505400e-02 6.68250714e-02
1.05200000e+03 -5.13740094e-02 -5.71647548e-02 6.64870983e-02
1.05300000e+03 -5.09967008e-02 -5.67789695e-02 6.61491253e-02
1.05400000e+03 -5.06193921e-02 -5.63931843e-02 6.58111522e-02
1.05500000e+03 -5.02420834e-02 -5.60073991e-02 6.54731791e-02
1.05600000e+03 -4.98647747e-02 -5.56216138e-02 6.51352061e-02
1.05700000e+03 -4.94874661e-02 -5.52358286e-02 6.47972330e-02
1.05800000e+03 -4.91101574e-02 -5.48500434e-02 6.44592600e-02
1.05900000e+03 -4.87328487e-02 -5.44642581e-02 6.41212869e-02
1.06000000e+03 -4.83555401e-02 -5.40784729e-02 6.37833138e-02
1.06100000e+03 -4.65922074e-02 -5.24127513e-02 6.20615572e-02
1.06200000e+03 -4.48288747e-02 -5.07470298e-02 6.03398005e-02
1.06300000e+03 -4.30655420e-02 -4.90813082e-02 5.86180438e-02
1.06400000e+03 -4.13022093e-02 -4.74155867e-02 5.68962871e-02
1.06500000e+03 -3.95388766e-02 -4.57498651e-02 5.51745305e-02
1.06600000e+03 -3.77755439e-02 -4.40841435e-02 5.34527738e-02
1.06700000e+03 -3.60122112e-02 -4.24184220e-02 5.17310171e-02
1.06800000e+03 -3.42488785e-02 -4.07527004e-02 5.00092604e-02
1.06900000e+03 -3.24855458e-02 -3.90869789e-02 4.82875038e-02
1.07000000e+03 -3.07222131e-02 -3.74212573e-02 4.65657471e-02
1.07100000e+03 -2.89588804e-02 -3.57555358e-02 4.48439904e-02
1.07200000e+03 -2.71955477e-02 -3.40898142e-02 4.31222337e-02
1.07300000e+03 -2.54322150e-02 -3.24240926e-02 4.14004771e-02
1.07400000e+03 -2.36688823e-02 -3.07583711e-02 3.96787204e-02
1.07500000e+03 -2.19055496e-02 -2.90926495e-02 3.79569637e-02
1.07600000e+03 -2.01422169e-02 -2.74269280e-02 3.62352070e-02
1.07700000e+03 -1.83788843e-02 -2.57612064e-02 3.45134504e-02
1.07800000e+03 -1.66155516e-02 -2.40954849e-02 3.27916937e-02
1.07900000e+03 -1.48522189e-02 -2.24297633e-02 3.10699370e-02
1.08000000e+03 -1.30888862e-02 -2.07640417e-02 2.93481803e-02
1.08100000e+03 -1.08812460e-02 -1.84953859e-02 2.75687750e-02
1.08200000e+03 -8.67360591e-03 -1.62267301e-02 2.57893696e-02
1.08300000e+03 -6.46596578e-03 -1.39580743e-02 2.40099643e-02
1.08400000e+03 -4.25832565e-03 -1.16894185e-02 2.22305589e-02
1.08500000e+03 -2.05068553e-03 -9.42076275e-03 2.04511536e-02
1.08600000e+03 1.56954604e-04 -7.15210695e-03 1.86717482e-02
1.08700000e+03 2.36459473e-03 -4.88345115e-03 1.68923429e-02
1.08800000e+03 4.57223486e-03 -2.61479535e-03 1.51129375e-02
1.08900000e+03 6.77987499e-03 -3.46139555e-04 1.33335322e-02
1.09000000e+03 8.98751512e-03 1.92251624e-03 1.15541268e-02
1.09100000e+03 1.11951553e-02 4.19117204e-03 9.77472147e-03
1.09200000e+03 1.34027954e-02 6.45982784e-03 7.99531612e-03
1.09300000e+03 1.56104355e-02 8.72848364e-03 6.21591077e-03
1.09400000e+03 1.78180756e-02 1.09971394e-02 4.43650542e-03
1.09500000e+03 2.00257158e-02 1.32657952e-02 2.65710006e-03
1.09600000e+03 2.22333559e-02 1.55344510e-02 8.77694712e-04
1.09700000e+03 2.44409960e-02 1.78031068e-02 -9.01710640e-04
1.09800000e+03 2.66486362e-02 2.00717626e-02 -2.68111599e-03
1.09900000e+03 2.88562763e-02 2.23404184e-02 -4.46052134e-03
1.10000000e+03 3.10639164e-02 2.46090742e-02 -6.23992670e-03
1.10100000e+03 3.25170969e-02 2.64539992e-02 -7.19442961e-03
1.10200000e+03 3.39702774e-02 2.82989242e-02 -8.14893253e-03
1.10300000e+03 3.54234579e-02 3.01438492e-02 -9.10343545e-03
1.10400000e+03 3.68766384e-02 3.19887741e-02 -1.00579384e-02
1.10500000e+03 3.83298190e-02 3.38336991e-02 -1.10124413e-02
1.10600000e+03 3.97829995e-02 3.56786241e-02 -1.19669442e-02
1.10700000e+03 4.12361800e-02 3.75235491e-02 -1.29214471e-02
1.10800000e+03 4.26893605e-02 3.93684741e-02 -1.38759500e-02
1.10900000e+03 4.41425410e-02 4.12133990e-02 -1.48304530e-02
1.11000000e+03 4.55957215e-02 4.30583240e-02 -1.57849559e-02
1.11100000e+03 4.70489020e-02 4.49032490e-02 -1.67394588e-02
1.11200000e+03 4.85020825e-02 4.67481740e-02 -1.76939617e-02
1.11300000e+03 4.99552630e-02 4.85930990e-02 -1.86484646e-02
1.11400000e+03 5.14084435e-02 5.04380239e-02 -1.96029675e-02
1.11500000e+03 5.28616240e-02 5.22829489e-02 -2.05574705e-02
1.11600000e+03 5.43148045e-02 5.41278739e-02 -2.15119734e-02
1.11700000e+03 5.57679851e-02 5.59727989e-02 -2.24664763e-02
1.11800000e+03 5.72211656e-02 5.78177239e-02 -2.34209792e-02
1.11900000e+03 5.86743461e-02 5.96626488e-02 -2.43754821e-02
1.12000000e+03 6.01275266e-02 6.15075738e-02 -2.53299850e-02
1.12100000e+03 6.01601791e-02 6.19608559e-02 -2.54285652e-02
1.12200000e+03 6.01928316e-02 6.24141380e-02 -2.55271454e-02
1.12300000e+03 6.02254841e-02 6.28674201e-02 -2.56257256e-02
1.12400000e+03 6.02581366e-02 6.33207022e-02 -2.57243058e-02
1.12500000e+03 6.02907892e-02 6.37739843e-02 -2.58228860e-02
1.12600000e+03 6.03234417e-02 6.42272664e-02 -2.59214662e-02
1.12700000e+03 6.03560942e-02 6.46805485e-02 -2.60200463e-02
1.12800000e+03 6.03887467e-02 6.51338306e-02 -2.61186265e-02
1.12900000e+03 6.04213992e-02 6.55871128e-02 -2.62172067e-02
1.13000000e+03 6.04540517e-02 6.60403949e-02 -2.63157869e-02
1.13100000e+03 6.04867042e-02 6.64936770e-02 -2.64143671e-02
1.13200000e+03 6.05193568e-02 6.69469591e-02 -2.65129473e-02
1.13300000e+03 6.05520093e-02 6.74002412e-02 -2.66115275e-02
1.13400000e+03 6.05846618e-02 6.78535233e-02 -2.67101077e-02
1.13500000e+03 6.06173143e-02 6.83068054e-02 -2.68086878e-02
1.13600000e+03 6.06499668e-02 6.87600875e-02 -2.69072680e-02
1.13700000e+03 6.06826193e-02 6.92133696e-02 -2.70058482e-02
1.13800000e+03 6.07152718e-02 6.96666517e-02 -2.71044284e-02
1.13900000e+03 6.07479244e-02 7.01199338e-02 -2.72030086e-02
1.14000000e+03 6.07805769e-02 7.05732159e-02 -2.73015888e-02
1.14100000e+03 5.95571616e-02 6.93728496e-02 -2.68622929e-02
1.14200000e+03 5.83337464e-02 6.81724833e-02 -2.64229971e-02
1.14300000e+03 5.71103312e-02 6.69721170e-02 -2.59837012e-02
1.14400000e+03 5.58869159e-02 6.57717507e-02 -2.55444054e-02
1.14500000e+03 5.46635007e-02 6.45713844e-02 -2.51051096e-02
1.14600000e+03 5.34400854e-02 6.33710181e-02 -2.46658137e-02
1.14700000e+03 5.22166702e-02 6.21706518e-02 -2.42265179e-02
1.14800000e+03 5.09932549e-02 6.09702855e-02 -2.37872220e-02
1.14900000e+03 4.97698397e-02 5.97699192e-02 -2.33479262e-02
1.15000000e+03 4.85464245e-02 5.85695530e-02 -2.29086303e-02
1.15100000e+03 4.73230092e-02 5.73691867e-02 -2.24693345e-02
1.15200000e+03 4.60995940e-02 5.61688204e-02 -2.20300387e-02
1.15300000e+03 4.48761787e-02 5.49684541e-02 -2.15907428e-02
1.15400000e+03 4.36527635e-02 5.37680878e-02 -2.11514470e-02
1.15500000e+03 4.24293483e-02 5.25677215e-02 -2.07121511e-02
1.15600000e+03 4.12059330e-02 5.13673552e-02 -2.02728553e-02
1.15700000e+03 3.99825178e-02 5.01669889e-02 -1.98335594e-02
1.15800000e+03 3.87591025e-02 4.89666226e-02 -1.93942636e-02
1.15900000e+03 3.75356873e-02 4.77662563e-02 -1.89549678e-02
1.16000000e+03 3.63122721e-02 4.65658900e-02 -1.85156719e-02
1.16100000e+03 3.47881657e-02 4.46927571e-02 -1.79357259e-02
1.16200000e+03 3.32640594e-02 4.28196243e-02 -1.73557800e-02
1.16300000e+03 3.17399530e-02 4.09464914e-02 -1.67758340e-02
1.16400000e+03 3.02158466e-02 3.90733585e-02 -1.61958881e-02
1.16500000e+03 2.86917403e-02 3.72002257e-02 -1.56159421e-02
1.16600000e+03 2.71676339e-02 3.53270928e-02 -1.50359961e-02
1.16700000e+03 2.56435276e-02 3.34539599e-02 -1.44560502e-02
1.16800000e+03 2.41194212e-02 3.15808271e-02 -1.38761042e-02
1.16900000e+03 2.25953149e-02 2.97076942e-02 -1.32961582e-02
1.17000000e+03 2.10712085e-02 2.78345613e-02 -1.27162123e-02
1.17100000e+03 1.95471022e-02 2.59614285e-02 -1.21362663e-02
1.17200000e+03 1.80229958e-02 2.40882956e-02 -1.15563203e-02
1.17300000e+03 1.64988895e-02 2.22151627e-02 -1.09763744e-02
1.17400000e+03 1.49747831e-02 2.03420299e-02 -1.03964284e-02
1.17500000e+03 1.34506768e-02 1.84688970e-02 -9.81648245e-03
1.17600000e+03 1.19265704e-02 1.65957641e-02 -9.23653648e-03
1.17700000e+03 1.04024641e-02 1.47226313e-02 -8.65659052e-03
1.17800000e+03 8.87835774e-03 1.28494984e-02 -8.07664455e-03
1.17900000e+03 7.35425139e-03 1.09763655e-02 -7.49669859e-03
1.18000000e+03 5.83014504e-03 9.10323268e-03 -6.91675263e-03
1.18100000e+03 5.50514469e-03 8.66767051e-03 -6.76404745e-03
1.18200000e+03 5.18014435e-03 8.23210834e-03 -6.61134228e-03
1.18300000e+03 4.85514401e-03 7.79654618e-03 -6.45863711e-03
1.18400000e+03 4.53014366e-03 7.36098401e-03 -6.30593193e-03
1.18500000e+03 4.20514332e-03 6.92542184e-03 -6.15322676e-03
1.18600000e+03 3.88014297e-03 6.48985967e-03 -6.00052159e-03
1.18700000e+03 3.55514263e-03 6.05429750e-03 -5.84781641e-03
1.18800000e+03 3.23014228e-03 5.61873533e-03 -5.69511124e-03
1.18900000e+03 2.90514194e-03 5.18317316e-03 -5.54240607e-03
1.19000000e+03 2.58014160e-03 4.74761100e-03 -5.38970089e-03
1.19100000e+03 2.25514125e-03 4.31204883e-03 -5.23699572e-03
1.19200000e+03 1.93014091e-03 3.87648666e-03 -5.08429055e-03
1.19300000e+03 1.60514056e-03 3.44092449e-03 -4.93158537e-03
1.19400000e+03 1.28014022e-03 3.00536232e-03 -4.77888020e-03
1.19500000e+03 9.55139874e-04 2.56980015e-03 -4.62617503e-03
1.19600000e+03 6.30139530e-04 2.13423799e-03 -4.47346985e-03
1.19700000e+03 3.05139186e-04 1.69867582e-03 -4.32076468e-03
1.19800000e+03 -1.98611586e-05 1.26311365e-03 -4.16805951e-03
1.19900000e+03 -3.44861503e-04 8.27551480e-04 -4.01535433e-03
1.20000000e+03 -6.69861847e-04 3.91989312e-04 -3.86264916e-03
1.20100000e+03 -6.61861222e-04 3.89673346e-04 -3.84114135e-03
1.20200000e+03 -6.53860597e-04 3.87357379e-04 -3.81963354e-03
1.20300000e+03 -6.45859972e-04 3.85041413e-04 -3.79812572e-03
1.20400000e+03 -6.37859347e-04 3.82725447e-04 -3.77661791e-03
1.20500000e+03 -6.29858722e-04 3.80409481e-04 -3.75511010e-03
1.20600000e+03 -6.21858096e-04 3.78093515e-04 -3.73360229e-03
1.20700000e+03 -6.13857471e-04 3.75777549e-04 -3.71209447e-03
1.20800000e+03 -6.05856846e-04 3.73461582e-04 -3.69058666e-03
1.20900000e+03 -5.97856221e-04 3.71145616e-04 -3.66907885e-03
1.21000000e+03 -5.89855596e-04 3.68829650e-04 -3.64757104e-03
1.21100000e+03 -5.81854971e-04 3.66513684e-04 -3.62606322e-03
1.21200000e+03 -5.73854346e-04 3.64197718e-04 -3.60455541e-03
1.21300000e+03 -5.65853721e-04 3.61881752e-04 -3.58304760e-03
1.21400000e+03 -5.57853096e-04 3.59565786e-04 -3.56153979e-03
1.21500000e+03 -5.49852470e-04 3.57249819e-04 -3.54003198e-03
1.21600000e+03 -5.41851845e-04 3.54933853e-04 -3.51852416e-03
1.21700000e+03 -5.33851220e-04 3.52617887e-04 -3.49701635e-03
1.21800000e+03 -5.25850595e-04 3.50301921e-04 -3.47550854e-03
1.21900000e+03 -5.17849970e-04 3.47985955e-04 -3.45400073e-03
1.22000000e+03 -5.09849345e-04 3.45669989e-04 -3.43249291e-03
1.22100000e+03 -5.03549210e-04 3.43700396e-04 -3.41447515e-03
1.22200000e+03 -4.97249075e-04 3.41730804e-04 -3.39645738e-03
1.22300000e+03 -4.90948940e-04 3.39761212e-04 -3.37843961e-03
1.22400000e+03 -4.84648806e-04 3.37791619e-04 -3.36042185e-03
1.22500000e+03 -4.78348671e-04 3.35822027e-04 -3.34240408e-03
1.22600000e+03 -4.72048536e-04 3.33852434e-04 -3.32438631e-03
1.22700000e+03 -4.65748401e-04 3.31882842e-04 -3.30636855e-03
1.22800000e+03 -4.59448266e-04 3.29913250e-04 -3.28835078e-03
1.22900000e+03 -4.53148132e-04 3.27943657e-04 -3.27033301e-03
1.23000000e+03 -4.46847997e-04 3.25974065e-04 -3.25231525e-03
1.23100000e+03 -4.40547862e-04 3.24004473e-04 -3.23429748e-03
1.23200000e+03 -4.34247727e-04 3.22034880e-04 -3.21627971e-03
1.23300000e+03 -4.27947592e-04 3.20065288e-04 -3.19826195e-03
1.23400000e+03 -4.21647457e-04 3.18095696e-04 -3.18024418e-03
1.23500000e+03 -4.15347323e-04 3.16126103e-04 -3.16222641e-03
1.23600000e+03 -4.09047188e-04 3.14156511e-04 -3.14420865e-03
1.23700000e+03 -4.02747053e-04 3.12186919e-04 -3.12619088e-03
1.23800000e+03 -3.96446918e-04 3.10217326e-04 -3.10817311e-03
1.23900000e+03 -3.90146783e-04 3.08247734e-04 -3.09015535e-03
1.24000000e+03 -3.83846649e-04 3.06278142e-04 -3.07213758e-03
1.24100000e+03 -3.78886331e-04 3.04601406e-04 -3.05699171e-03
1.24200000e+03 -3.73926014e-04 3.02924671e-04 -3.04184583e-03
1.24300000e+03 -3.68965697e-04 3.01247935e-04 -3.02669996e-03
1.24400000e+03 -3.64005379e-04 2.99571199e-04 -3.01155409e-03
1.24500000e+03 -3.59045062e-04 2.97894464e-04 -2.99640821e-03
1.24600000e+03 -3.54084745e-04 2.96217728e-04 -2.98126234e-03
1.24700000e+03 -3.49124428e-04 2.94540993e-04 -2.96611647e-03
1.24800000e+03 -3.44164110e-04 2.92864257e-04 -2.95097060e-03
1.24900000e+03 -3.39203793e-04 2.91187522e-04 -2.93582472e-03
1.25000000e+03 -3.34243476e-04 2.89510786e-04 -2.92067885e-03
1.25100000e+03 -3.29283158e-04 2.87834051e-04 -2.90553298e-03
1.25200000e+03 -3.24322841e-04 2.86157315e-04 -2.89038710e-03
1.25300000e+03 -3.19362524e-04 2.84480579e-04 -2.87524123e-03
1.25400000e+03 -3.14402207e-04 2.82803844e-04 -2.86009536e-03
1.25500000e+03 -3.09441889e-04 2.81127108e-04 -2.84494949e-03
1.25600000e+03 -3.04481572e-04 2.79450373e-04 -2.82980361e-03
1.25700000e+03 -2.99521255e-04 2.77773637e-04 -2.81465774e-03
1.25800000e+03 -2.94560937e-04 2.76096902e-04 -2.79951187e-03
1.25900000e+03 -2.89600620e-04 2.74420166e-04 -2.78436599e-03
1.26000000e+03 -2.84640303e-04 2.72743431e-04 -2.76922012e-03
1.26100000e+03 -2.80738646e-04 2.71312099e-04 -2.75643372e-03
1.26200000e+03 -2.76836989e-04 2.69880768e-04 -2.74364732e-03
1.26300000e+03 -2.72935332e-04 2.68449437e-04 -2.73086092e-03
1.26400000e+03 -2.69033676e-04 2.67018106e-04 -2.71807452e-03
1.26500000e+03 -2.65132019e-04 2.65586775e-04 -2.70528812e-03
1.26600000e+03 -2.61230362e-04 2.64155444e-04 -2.69250172e-03
1.26700000e+03 -2.57328705e-04 2.62724113e-04 -2.67971532e-03
1.26800000e+03 -2.53427048e-04 2.61292782e-04 -2.66692892e-03
1.26900000e+03 -2.49525391e-04 2.59861451e-04 -2.65414252e-03
1.27000000e+03 -2.45623734e-04 2.58430120e-04 -2.64135612e-03
1.27100000e+03 -2.41722078e-04 2.56998789e-04 -2.62856972e-03
1.27200000e+03 -2.37820421e-04 2.55567458e-04 -2.61578332e-03
1.27300000e+03 -2.33918764e-04 2.54136127e-04 -2.60299692e-03
1.27400000e+03 -2.30017107e-04 2.52704796e-04 -2.59021052e-03
1.27500000e+03 -2.26115450e-04 2.51273465e-04 -2.57742412e-03
1.27600000e+03 -2.22213793e-04 2.49842134e-04 -2.56463772e-03
1.27700000e+03 -2.18312137e-04 2.48410803e-04 -2.55185132e-03
1.27800000e+03 -2.14410480e-04 2.46979472e-04 -2.53906492e-03
1.27900000e+03 -2.10508823e-04 2.45548140e-04 -2.52627852e-03
1.28000000e+03 -2.06607166e-04 2.44116809e-04 -2.51349212e-03
1.28100000e+03 -2.03543785e-04 2.42890100e-04 -2.50264278e-03
1.28200000e+03 -2.00480404e-04 2.41663391e-04 -2.49179345e-03
1.28300000e+03 -1.97417023e-04 2.40436682e-04 -2.48094411e-03
1.28400000e+03 -1.94353641e-04 2.39209973e-04 -2.47009477e-03
1.28500000e+03 -1.91290260e-04 2.37983264e-04 -2.45924543e-03
1.28600000e+03 -1.88226879e-04 2.36756555e-04 -2.44839609e-03
1.28700000e+03 -1.85163498e-04 2.35529846e-04 -2.43754675e-03
1.28800000e+03 -1.82100117e-04 2.34303136e-04 -2.42669741e-03
1.28900000e+03 -1.79036736e-04 2.33076427e-04 -2.41584807e-03
1.29000000e+03 -1.75973354e-04 2.31849718e-04 -2.40499873e-03
1.29100000e+03 -1.72909973e-04 2.30623009e-04 -2.39414939e-03
1.29200000e+03 -1.69846592e-04 2.29396300e-04 -2.38330005e-03
1.29300000e+03 -1.66783211e-04 2.28169591e-04 -2.37245071e-03
1.29400000e+03 -1.63719830e-04 2.26942882e-04 -2.36160137e-03
1.29500000e+03 -1.60656448e-04 2.25716173e-04 -2.35075203e-03
1.29600000e+03 -1.57593067e-04 2.24489463e-04 -2.33990269e-03
1.29700000e+03 -1.54529686e-04 2.23262754e-04 -2.32905335e-03
1.29800000e+03 -1.51466305e-04 2.22036045e-04 -2.31820402e-03
1.29900000e+03 -1.48402924e-04 2.20809336e-04 -2.30735468e-03
1.30000000e+03 -1.45339543e-04 2.19582627e-04 -2.29650534e-03
1.30100000e+03 -1.42940913e-04 2.18526168e-04 -2.28724630e-03
1.30200000e+03 -1.40542282e-04 2.17469709e-04 -2.27798727e-03
1.30300000e+03 -1.38143652e-04 2.16413250e-04 -2.26872824e-03
1.30400000e+03 -1.35745022e-04 2.15356790e-04 -2.25946920e-03
1.30500000e+03 -1.33346392e-04 2.14300331e-04 -2.25021017e-03
1.30600000e+03 -1.30947762e-04 2.13243872e-04 -2.24095114e-03
1.30700000e+03 -1.28549132e-04 2.12187413e-04 -2.23169211e-03
1.30800000e+03 -1.26150502e-04 2.11130954e-04 -2.22243307e-03
1.30900000e+03 -1.23751872e-04 2.10074495e-04 -2.21317404e-03
1.31000000e+03 -1.21353242e-04 2.09018036e-04 -2.20391501e-03
1.31100000e+03 -1.18954612e-04 2.07961576e-04 -2.19465597e-03
1.31200000e+03 -1.16555981e-04 2.06905117e-04 -2.18539694e-03
1.31300000e+03 -1.14157351e-04 2.05848658e-04 -2.17613791e-03
1.31400000e+03 -1.11758721e-04 2.04792199e-04 -2.16687888e-03
1.31500000e+03 -1.09360091e-04 2.03735740e-04 -2.15761984e-03
1.31600000e+03 -1.06961461e-04 2.02679281e-04 -2.14836081e-03
1.31700000e+03 -1.04562831e-04 2.01622822e-04 -2.13910178e-03
1.31800000e+03 -1.02164201e-04 2.00566363e-04 -2.12984274e-03
1.31900000e+03 -9.97655708e-05 1.99509903e-04 -2.12058371e-03
1.32000000e+03 -9.73669407e-05 1.98453444e-04 -2.11132468e-03
1.32100000e+03 -9.54959418e-05 1.97538626e-04 -2.10337220e-03
1.32200000e+03 -9.36249428e-05 1.96623809e-04 -2.09541971e-03
1.32300000e+03 -9.17539438e-05 1.95708991e-04 -2.08746723e-03
1.32400000e+03 -8.98829449e-05 1.94794173e-04 -2.07951475e-03
1.32500000e+03 -8.80119459e-05 1.93879355e-04 -2.07156226e-03
1.32600000e+03 -8.61409470e-05 1.92964537e-04 -2.06360978e-03
1.32700000e+03 -8.42699480e-05 1.92049719e-04 -2.05565730e-03
1.32800000e+03 -8.23989490e-05 1.91134901e-04 -2.04770481e-03
1.32900000e+03 -8.05279501e-05 1.90220083e-04 -2.03975233e-03
1.33000000e+03 -7.86569511e-05 1.89305266e-04 -2.03179985e-03
1.33100000e+03 -7.67859522e-05 1.88390448e-04 -2.02384737e-03
1.33200000e+03 -7.49149532e-05 1.87475630e-04 -2.01589488e-03
1.33300000e+03 -7.30439542e-05 1.86560812e-04 -2.00794240e-03
1.33400000e+03 -7.11729553e-05 1.85645994e-04 -1.99998992e-03
1.33500000e+03 -6.93019563e-05 1.84731176e-04 -1.99203743e-03
1.33600000e+03 -6.74309574e-05 1.83816358e-04 -1.98408495e-03
1.33700000e+03 -6.55599584e-05 1.82901541e-04 -1.97613247e-03
1.33800000e+03 -6.36889594e-05 1.81986723e-04 -1.96817999e-03
1.33900000e+03 -6.18179605e-05 1.81071905e-04 -1.96022750e-03
1.34000000e+03 -5.99469615e-05 1.80157087e-04 -1.95227502e-03
1.34100000e+03 9.06097559e-04 1.27290587e-03 -1.68381925e-03
1.34200000e+03 1.87214208e-03 2.36565466e-03 -1.41536349e-03
1.34300000e+03 2.83818660e-03 3.45840344e-03 -1.14690772e-03
1.34400000e+03 3.80423112e-03 4.55115222e-03 -8.78451959e-04
1.34500000e+03 4.77027564e-03 5.64390101e-03 -6.09996194e-04
1.34600000e+03 5.73632016e-03 6.73664979e-03 -3.41540429e-04
1.34700000e+03 6.70236469e-03 7.82939858e-03 -7.30846633e-05
1.34800000e+03 7.66840921e-03 8.92214736e-03 1.95371102e-04
1.34900000e+03 8.63445373e-03 1.00148961e-02 4.63826867e-04
1.35000000e+03 9.60049825e-03 1.11076449e-02 7.32282633e-04
1.35100000e+03 1.05665428e-02 1.22003937e-02 1.00073840e-03
1.35200000e+03 1.15325873e-02 1.32931425e-02 1.26919416e-03
1.35300000e+03 1.24986318e-02 1.43858913e-02 1.53764993e-03
1.35400000e+03 1.34646763e-02 1.54786401e-02 1.80610569e-03
1.35500000e+03 1.44307209e-02 1.65713889e-02 2.07456146e-03
1.35600000e+03 1.53967654e-02 1.76641376e-02 2.34301722e-03
1.35700000e+03 1.63628099e-02 1.87568864e-02 2.61147299e-03
1.35800000e+03 1.73288544e-02 1.98496352e-02 2.87992875e-03
1.35900000e+03 1.82948989e-02 2.09423840e-02 3.14838452e-03
1.36000000e+03 1.92609435e-02 2.20351328e-02 3.41684029e-03
1.36100000e+03 2.07342595e-02 2.36198275e-02 3.75614687e-03
1.36200000e+03 2.22075756e-02 2.52045222e-02 4.09545346e-03
1.36300000e+03 2.36808917e-02 2.67892168e-02 4.43476005e-03
1.36400000e+03 2.51542078e-02 2.83739115e-02 4.77406664e-03
1.36500000e+03 2.66275238e-02 2.99586062e-02 5.11337323e-03
1.36600000e+03 2.81008399e-02 3.15433009e-02 5.45267982e-03
1.36700000e+03 2.95741560e-02 3.31279956e-02 5.79198641e-03
1.36800000e+03 3.10474721e-02 3.47126903e-02 6.13129300e-03
1.36900000e+03 3.25207882e-02 3.62973850e-02 6.47059959e-03
1.37000000e+03 3.39941042e-02 3.78820797e-02 6.80990618e-03
1.37100000e+03 3.54674203e-02 3.94667744e-02 7.14921277e-03
1.37200000e+03 3.69407364e-02 4.10514691e-02 7.48851936e-03
1.37300000e+03 3.84140525e-02 4.26361638e-02 7.82782595e-03
1.37400000e+03 3.98873685e-02 4.42208585e-02 8.16713254e-03
1.37500000e+03 4.13606846e-02 4.58055531e-02 8.50643913e-03
1.37600000e+03 4.28340007e-02 4.73902478e-02 8.84574572e-03
1.37700000e+03 4.43073168e-02 4.89749425e-02 9.18505231e-03
1.37800000e+03 4.57806328e-02 5.05596372e-02 9.52435889e-03
1.37900000e+03 4.72539489e-02 5.21443319e-02 9.86366548e-03
1.38000000e+03 4.87272650e-02 5.37290266e-02 1.02029721e-02
1.38100000e+03 4.94068885e-02 5.43259633e-02 1.02296662e-02
1.38200000e+03 5.00865120e-02 5.49229000e-02 1.02563603e-02
1.38300000e+03 5.07661356e-02 5.55198368e-02 1.02830544e-02
1.38400000e+03 5.14457591e-02 5.61167735e-02 1.03097485e-02
1.38500000e+03 5.21253826e-02 5.67137102e-02 1.03364426e-02
1.38600000e+03 5.28050061e-02 5.73106469e-02 1.03631367e-02
1.38700000e+03 5.34846297e-02 5.79075836e-02 1.03898308e-02
1.38800000e+03 5.41642532e-02 5.85045204e-02 1.04165249e-02
1.38900000e+03 5.48438767e-02 5.91014571e-02 1.04432190e-02
1.39000000e+03 5.55235002e-02 5.96983938e-02 1.04699131e-02
1.39100000e+03 5.62031238e-02 6.02953305e-02 1.04966072e-02
1.39200000e+03 5.68827473e-02 6.08922672e-02 1.05233013e-02
1.39300000e+03 5.75623708e-02 6.14892039e-02 1.05499954e-02
1.39400000e+03 5.82419943e-02 6.20861407e-02 1.05766895e-02
1.39500000e+03 5.89216179e-02 6.26830774e-02 1.06033836e-02
1.39600000e+03 5.96012414e-02 6.32800141e-02 1.06300777e-02
1.39700000e+03 6.02808649e-02 6.38769508e-02 1.06567718e-02
1.39800000e+03 6.09604884e-02 6.44738875e-02 1.06834659e-02
1.39900000e+03 6.16401120e-02 6.50708243e-02 1.07101600e-02
1.40000000e+03 6.23197355e-02 6.56677610e-02 1.07368541e-02
1.40100000e+03 6.18885959e-02 6.49890432e-02 1.04213556e-02
1.40200000e+03 6.14574562e-02 6.43103254e-02 1.01058570e-02
1.40300000e+03 6.10263166e-02 6.36316076e-02 9.79035842e-03
1.40400000e+03 6.05951770e-02 6.29528898e-02 9.47485984e-03
1.40500000e+03 6.01640374e-02 6.22741720e-02 9.15936127e-03
1.40600000e+03 5.97328977e-02 6.15954542e-02 8.84386269e-03
1.40700000e+03 5.93017581e-02 6.09167364e-02 8.52836412e-03
1.40800000e+03 5.88706185e-02 6.02380186e-02 8.21286554e-03
1.40900000e+03 5.84394789e-02 5.95593008e-02 7.89736697e-03
1.41000000e+03 5.80083393e-02 5.88805830e-02 7.58186839e-03
1.41100000e+03 5.75771996e-02 5.82018653e-02 7.26636982e-03
1.41200000e+03 5.71460600e-02 5.75231475e-02 6.95087124e-03
1.41300000e+03 5.67149204e-02 5.68444297e-02 6.63537267e-03
1.41400000e+03 5.62837808e-02 5.61657119e-02 6.31987410e-03
1.41500000e+03 5.58526411e-02 5.54869941e-02 6.00437552e-03
1.41600000e+03 5.54215015e-02 5.48082763e-02 5.68887695e-03
1.41700000e+03 5.49903619e-02 5.41295585e-02 5.37337837e-03
1.41800000e+03 5.45592223e-02 5.34508407e-02 5.05787980e-03
1.41900000e+03 5.41280826e-02 5.27721229e-02 4.74238122e-03
1.42000000e+03 5.36969430e-02 5.20934051e-02 4.42688265e-03
1.42100000e+03 5.23765805e-02 5.04485119e-02 3.82522408e-03
1.42200000e+03 5.10562180e-02 4.88036187e-02 3.22356552e-03
1.42300000e+03 4.97358555e-02 4.71587254e-02 2.62190696e-03
1.42400000e+03 4.84154930e-02 4.55138322e-02 2.02024839e-03
1.42500000e+03 4.70951305e-02 4.38689390e-02 1.41858983e-03
1.42600000e+03 4.57747681e-02 4.22240457e-02 8.16931265e-04
1.42700000e+03 4.44544056e-02 4.05791525e-02 2.15272701e-04
1.42800000e+03 4.31340431e-02 3.89342593e-02 -3.86385863e-04
1.42900000e+03 4.18136806e-02 3.72893660e-02 -9.88044427e-04
1.43000000e+03 4.04933181e-02 3.56444728e-02 -1.58970299e-03
1.43100000e+03 3.91729556e-02 3.39995796e-02 -2.19136156e-03
1.43200000e+03 3.78525931e-02 3.23546863e-02 -2.79302012e-03
1.43300000e+03 3.65322306e-02 3.07097931e-02 -3.39467868e-03
1.43400000e+03 3.52118681e-02 2.90648999e-02 -3.99633725e-03
1.43500000e+03 3.38915056e-02 2.74200066e-02 -4.59799581e-03
1.43600000e+03 3.25711431e-02 2.57751134e-02 -5.19965437e-03
1.43700000e+03 3.12507807e-02 2.41302202e-02 -5.80131294e-03
1.43800000e+03 2.99304182e-02 2.24853269e-02 -6.40297150e-03
1.43900000e+03 2.86100557e-02 2.08404337e-02 -7.00463007e-03
1.44000000e+03 2.72896932e-02 1.91955405e-02 -7.60628863e-03
1.44100000e+03 2.55580496e-02 1.71909492e-02 -8.46741082e-03
1.44200000e+03 2.38264061e-02 1.51863579e-02 -9.32853301e-03
1.44300000e+03 2.20947625e-02 1.31817667e-02 -1.01896552e-02
1.44400000e+03 2.03631190e-02 1.11771754e-02 -1.10507774e-02
1.44500000e+03 1.86314754e-02 9.17258415e-03 -1.19118996e-02
1.44600000e+03 1.68998319e-02 7.16799288e-03 -1.27730218e-02
1.44700000e+03 1.51681883e-02 5.16340162e-03 -1.36341439e-02
1.44800000e+03 1.34365448e-02 3.15881035e-03 -1.44952661e-02
1.44900000e+03 1.17049012e-02 1.15421909e-03 -1.53563883e-02
1.45000000e+03 9.97325770e-03 -8.50372176e-04 -1.62175105e-02
1.45100000e+03 8.24161415e-03 -2.85496344e-03 -1.70786327e-02
1.45200000e+03 6.50997060e-03 -4.85955470e-03 -1.79397549e-02
1.45300000e+03 4.77832705e-03 -6.86414597e-03 -1.88008771e-02
1.45400000e+03 3.04668351e-03 -8.86873723e-03 -1.96619993e-02
1.45500000e+03 1.31503996e-03 -1.08733285e-02 -2.05231215e-02
1.45600000e+03 -4.16603590e-04 -1.28779198e-02 -2.13842436e-02
1.45700000e+03 -2.14824714e-03 -1.48825110e-02 -2.22453658e-02
1.45800000e+03 -3.87989069e-03 -1.68871023e-02 -2.31064880e-02
1.45900000e+03 -5.61153423e-03 -1.88916936e-02 -2.39676102e-02
1.46000000e+03 -7.34317778e-03 -2.08962848e-02 -2.48287324e-02
1.46100000e+03 -8.74762417e-03 -2.24182932e-02 -2.56720348e-02
1.46200000e+03 -1.01520706e-02 -2.39403017e-02 -2.65153371e-02
1.46300000e+03 -1.15565169e-02 -2.54623101e-02 -2.73586395e-02
1.46400000e+03 -1.29609633e-02 -2.69843185e-02 -2.82019419e-02
1.46500000e+03 -1.43654097e-02 -2.85063269e-02 -2.90452443e-02
1.46600000e+03 -1.57698561e-02 -3.00283353e-02 -2.98885467e-02
1.46700000e+03 -1.71743025e-02 -3.15503438e-02 -3.07318490e-02
1.46800000e+03 -1.85787489e-02 -3.30723522e-02 -3.15751514e-02
1.46900000e+03 -1.99831953e-02 -3.45943606e-02 -3.24184538e-02
1.47000000e+03 -2.13876416e-02 -3.61163690e-02 -3.32617562e-02
1.47100000e+03 -2.27920880e-02 -3.76383774e-02 -3.41050585e-02
1.47200000e+03 -2.41965344e-02 -3.91603858e-02 -3.49483609e-02
1.47300000e+03 -2.56009808e-02 -4.06823943e-02 -3.57916633e-02
1.47400000e+03 -2.70054272e-02 -4.22044027e-02 -3.66349657e-02
1.47500000e+03 -2.84098736e-02 -4.37264111e-02 -3.74782681e-02
1.47600000e+03 -2.98143200e-02 -4.52484195e-02 -3.83215704e-02
1.47700000e+03 -3.12187663e-02 -4.67704279e-02 -3.91648728e-02
1.47800000e+03 -3.26232127e-02 -4.82924364e-02 -4.00081752e-02
1.47900000e+03 -3.40276591e-02 -4.98144448e-02 -4.08514776e-02
1.48000000e+03 -3.54321055e-02 -5.13364532e-02 -4.16947799e-02
1.48100000e+03 -3.56596252e-02 -5.14662632e-02 -4.17571907e-02
1.48200000e+03 -3.58871449e-02 -5.15960732e-02 -4.18196014e-02
1.48300000e+03 -3.61146646e-02 -5.17258833e-02 -4.18820121e-02
1.48400000e+03 -3.63421843e-02 -5.18556933e-02 -4.19444228e-02
1.48500000e+03 -3.65697040e-02 -5.19855033e-02 -4.20068335e-02
1.48600000e+03 -3.67972237e-02 -5.21153133e-02 -4.20692442e-02
1.48700000e+03 -3.70247434e-02 -5.22451233e-02 -4.21316549e-02
1.48800000e+03 -3.72522631e-02 -5.23749334e-02 -4.21940657e-02
1.48900000e+03 -3.74797828e-02 -5.25047434e-02 -4.22564764e-02
1.49000000e+03 -3.77073025e-02 -5.26345534e-02 -4.23188871e-02
1.49100000e+03 -3.79348222e-02 -5.27643634e-02 -4.23812978e-02
1.49200000e+03 -3.81623419e-02 -5.28941734e-02 -4.24437085e-02
1.49300000e+03 -3.83898616e-02 -5.30239835e-02 -4.25061192e-02
1.49400000e+03 -3.86173814e-02 -5.31537935e-02 -4.25685300e-02
1.49500000e+03 -3.88449011e-02 -5.32836035e-02 -4.26309407e-02
1.49600000e+03 -3.90724208e-02 -5.34134135e-02 -4.26933514e-02
1.49700000e+03 -3.92999405e-02 -5.35432235e-02 -4.27557621e-02
1.49800000e+03 -3.95274602e-02 -5.36730336e-02 -4.28181728e-02
1.49900000e+03 -3.97549799e-02 -5.38028436e-02 -4.28805835e-02
